id,In_Degree,Out_Degree,Tot_Degree
Spanish Shrimp  Carriers,35,61,96
12744,1,3,4
143129355,12,4,16
7775,7,6,13
1017141,0,3,3
2591586,4,7,11
185040354,30,19,49
Faroe Islands Shrimp Shark,121,88,209
341411,102,151,253
21323516,3,0,3
√¢¬Ä¬úvictim√¢,0,1,1
√¢¬Ä¬úperpetrator√¢,1,0,1
8561,1,0,1
William Bradley,1,6,7
Joseph Griffin,1,1,2
√¢¬Ä≈†√¢,3,0,3
853949688,0,1,1
650512,3,0,3
8,0,1,1
128692,10,4,14
172711,1,0,1
Jacob Caldwell,6,9,15
14253815,0,2,2
4369922c-ce1d-40ff-904c-1f6a3000bf6b,1,0,1
Saltwater Solitude GmbH & Co. KG,3,2,5
PRK,3,2,5
√¢¬Ä¬úViking√¢,3,1,4
506,0,1,1
4937447,2,1,3
√¢¬Ä¬úregular√¢,0,1,1
2079436,2,0,2
Ann Daniels,0,2,2
Stephanie Mccormick MD,1,1,2
Lisa Clay,2,0,2
589,4,3,7
Elizabeth Welch,2,7,9
da0a7bbb-5bd1-42aa-bcc0-b8923d5c15d4,1,2,3
Eugene Ochoa,1,0,1
967900443,5,14,19
Lisa Jimenez,2,0,2
1,10,5,15
445a6124-4650-4e5a-83bb-a0e0b4040ee9,0,1,1
Martha Robbins,0,2,2
Don Hopkins,1,1,2
Joseph Gray,2,0,2
4,3,32,35
4975,3,6,9
7282284,2,1,3
0,6,7,13
Sean Vasquez,2,1,3
196159,5,19,24
755,7,4,11
860067396,1,1,2
664738735,10,4,14
290834957,18,20,38
Timothy Reeves,5,3,8
457009514,4,2,6
6043477,2,2,4
526269,13,0,13
Jason Cameron,2,4,6
77b46bc7-7e31-41a0-973c-e633011d21b0,16,14,30
7,3,5,8
35,5,5,10
6406040,15,9,24
Jamie Knox,2,0,2
Kristin Graham,1,0,1
99575926,4,1,5
72371354,2,0,2
55,3,4,7
766649,8,4,12
955425,0,2,2
132,4,5,9
8701038,0,3,3
9067,7,19,26
750975,8,25,33
3404599,15,1,16
85117949,3,11,14
3506021,34,30,64
348079,1,1,2
78,1,0,1
95,17,17,34
√¢¬Ä¬ú8√¢,0,3,3
√¢¬Ä¬úrefer,1,2,3
√¢¬Ä¬ú10√¢,2,1,3
Alyssa Huffman,3,0,3
245,2,4,6
300668979,6,4,10
√¢¬Ä¬òNotices√¢¬Ä¬ô√¢,3,0,3
651,2,1,3
7845,3,3,6
265700083,0,3,3
47679,31,33,64
d0123474-8425-4ab0-90d5-175920158638,5,13,18
425887173,7,4,11
86597,5,2,7
405ab2a5-68f0-4304-ab94-24c7995a248e,0,3,3
44842,1,5,6
e2b334d9-4d51-40b2-a7b1-441b88400b75,1,3,4
68,0,2,2
610,1,1,2
4063,1,0,1
740523,1,0,1
Marine,0,9,9
255√¢¬Ä¬ì273,4,0,4
91dcf36d-dba8-41e8-a4cc-912981a27296,3,1,4
69150209,7,14,21
2,2,6,8
72,0,2,2
35881,2,0,2
06430a2c-805a-4a76-bbda-2a24c0c860d7,0,1,1
Derek Burke,28,17,45
490653,0,3,3
888,2,0,2
775298545,0,3,3
26676370,2,0,2
Viento Azul Harbor LLC Investment,3,0,3
Viking fishing,2,0,2
44956,2,3,5
3,2,1,3
5,1,5,6
0715f2ea-3d11-4eaa-a0c4-fb3290896531,1,0,1
77,14,12,26
Andrea Gibson,14,5,19
hours,9,0,9
7298083,16,25,41
21,1,3,4
6,5,6,11
Alexander Buchanan,2,0,2
Maria Mitchell,9,7,16
9,0,5,5
14bda3bb-9993-4265-97cc-1747808c144e,10,22,32
Amanda Mckenzie,71,29,100
8698,1,6,7
Claire Russell,3,0,3
964,1,1,2
Scott Medina,4,1,5
2262,32,36,68
93873119,0,2,2
Jeremy Cordova,0,2,2
602ea158-0519-47fc-badc-787721580418,0,2,2
Victoria Parks,2,1,3
St,1,9,10
e40c01a4-8ed5-400f-857d-31e7bd263e35,5,0,5
49494,3,2,5
551,10,0,10
Bryan Taylor,1,2,3
380,4,23,27
f20779bf-63b5-4ea4-bb5f-944bb9449bce,1,1,2
349,2,0,2
97453782,3,0,3
71835024,0,4,4
Anne Anderson,3,0,3
Brian Nelson,2,0,2
78590886,0,4,4
7209,1,2,3
79139,4,3,7
78135,5,2,7
5810,5,0,5
704138011,0,1,1
84616,2,0,2
66538530,0,4,4
12731,3,2,5
ee05a28e-82ba-4f1d-a60f-68797a422ada,0,5,5
82344,0,9,9
58,8,3,11
Cynthia Williams,4,3,7
Armed Robbery√¢,5,2,7
76,5,1,6
6731,10,41,51
83,6,12,18
Ms. Stephanie Rivera DDS,6,6,12
665,11,29,40
89772543,4,3,7
√¢¬Ä¬úunregulated√¢,1,0,1
aea12579-8802-4b2d-b432-fc35fe4d10d5,3,3,6
a7948099-0cab-4b80-8707-2ada931ac288,1,0,1
Michael Smith,0,4,4
Melanie Miller,2,0,2
12,8,4,12
27,3,0,3
Timothy Allen,0,4,4
Nathaniel Jimenez,0,9,9
3b728c8f-1eaa-4f16-8c63-d3bcffd437bb,0,3,3
Turkish Sword Buoy Incorporated Forwading,5,9,14
498817,3,0,3
2989,2,2,4
967,1,1,2
df42b319-be6a-4a2e-b11d-c4da7ecfc01c,2,0,2
185106,2,1,3
947,1,9,10
Gregory Ortiz,4,0,4
Michael Compton,3,3,6
4348721,2,5,7
USS Hershel,3,0,3
b20c0baf-8530-4a84-a5b6-8da324ebebdb,4,2,6
26,1,0,1
21538,6,20,26
860600018,11,16,27
237659945,2,0,2
Victoria Anderson,6,1,7
USCGC Spencer,2,1,3
WMEC,3,0,3
435054320,6,61,67
Cutter,4,1,5
f21800ca-b3c9-404b-8438-3d75ea84c409,8,11,19
1560,8,6,14
Sept,13,25,38
John Gonzalez,13,9,22
68703341,0,2,2
57,29,10,39
6046437,1,4,5
03b6c1a6-dcd8-462f-9a7e-bf9ea7e0a987,1,1,2
Act,6,7,13
9a651d73-d88f-4f9c-9497-7321ef575c6f,1,1,2
Natasha Phillips,2,0,2
36351742-aff4-4df7-a495-1f1f2c94127a,3,1,4
Dakota Hansen,0,2,2
301,4,1,5
James Best,2,0,2
9203,0,2,2
3878194,1,4,5
Amy Kent,2,0,2
Convention√¢,2,0,2
months years,2,0,2
water fishing,1,0,1
months√¢,0,3,3
18,8,8,16
months,23,26,49
Emily Johnson,0,5,5
94,2,1,3
e85c691a-2adc-4094-8d29-5ea328486951,1,5,6
760079,2,2,4
3009706,2,0,2
41870892-4565-42cd-9374-8665d01e9aa9,9,15,24
Susan Erickson,2,0,2
80191,5,4,9
0f5fd4f9-1683-464e-9459-a4488de5064b,4,3,7
cookies,2,2,4
Ashley Davis,1,1,2
924,8,6,14
865275,7,10,17
449308,0,3,3
28,6,5,11
23777,8,3,11
518,5,0,5
426469,2,3,5
6064a564-2a82-44b7-8614-3a33f25e41ba,1,0,1
3cda9d0b-77af-4e85-bef8-e935ca55ea06,0,3,3
494197,2,0,2
200640636,4,4,8
23,20,60,80
144431,1,1,2
Debbie Daniel,0,1,1
png xi  Line,186,214,400
26261586,0,1,1
15910405,6,3,9
7361,1,1,2
85052185,0,2,2
48605,0,5,5
c73572b6-7b24-49e7-8f52-11cf8ec3c7d2,1,0,1
8412071,1,5,6
439861274,4,3,7
Brian Williams,3,0,3
908724,5,0,5
Jennifer Price,0,4,4
653505420,0,1,1
Kimberly Palmer,3,1,4
5848,5,1,6
15785056,2,0,2
733,5,2,7
277983365,12,6,18
Playa del Cielo Kga,79,98,177
26431,5,1,6
6d249c4d-1f62-4ab2-b107-8fd978f115c7,0,2,2
3785,2,0,2
164575,1,2,3
Spencer King,3,2,5
Dawn Oconnell,1,1,2
√¢¬Ä≈†,39,10,49
1396,0,1,1
235866056,9,21,30
d5b94ebc-e03a-438e-872b-a15db349a748,2,3,5
486,8,9,17
arts,0,2,2
98,14,2,16
Timothy Cuevas,1,2,3
Joshua Glover,2,1,3
Tara Villegas,3,0,3
Ashley Wiggins,1,0,1
49048884,2,0,2
9612243,2,0,2
Andrea Hansen,2,0,2
189,0,1,1
7,2,0,2
737205,0,2,2
April,7,28,35
5705060,0,1,1
959,2,0,2
Belgian Scallop Ltd. Liability Co,0,3,3
√¢¬Ä¬únecessary√¢,1,2,3
883320938,2,0,2
Ryan Williams,0,3,3
Colleen Everett,1,2,3
Brenda Gonzalez,2,1,3
2198,6,12,18
Clayton Rodgers,2,0,2
Randy Collins,0,2,2
41398ea8-d14a-4666-80e8-6a212684d871,1,3,4
Brandon Berger,1,0,1
40690,0,2,2
e836e8c3-a45e-4225-870d-d3e8dbc62c26,2,0,2
Jennifer Alvarez,0,2,2
Bryce Baker,6,8,14
743225,5,9,14
Norwegian Shrimp Ltd. Liability Co,0,2,2
Rajasthan Limited Liability Company,5,0,5
4783,0,4,4
Timothy Estrada,0,2,2
ten,0,1,1
e2816018-e01c-4eac-8dc5-e84aebc22cff,0,2,2
Vanessa Avila,8,1,9
529,2,0,2
47924922,5,1,6
49,13,21,34
12845006,0,1,1
9488645,13,13,26
Lauren Moore,0,3,3
√¢¬Ä¬úlocal√¢,3,1,4
Leominster Provincetown√¢,0,3,3
371bf15a-3000-499a-88e4-cc096b028ec7,0,1,1
913428,1,2,3
d7f220de-bba2-4965-9c15-3dd38ef5c3c7,3,3,6
fisheries√¢,2,3,5
Mark Weiss,9,2,11
53073557,0,4,4
Jason Davis,1,1,2
34,19,9,28
Erin Bowen,2,0,2
Albert Thomas,0,3,3
31408,1,1,2
28064,1,0,1
Kyle Stanton,0,2,2
ae16dd9b-0271-4699-91bc-0ce6b69357c6,5,5,10
Mrs. Crystal Reyes,1,0,1
e31b2b9c-3197-4c2c-ac40-3c6711a4682b,1,2,3
5a52675e-1243-4244-ad55-85a06c4408de,0,11,11
Stephanie Hinton,0,2,2
8153f5cb-e1f7-49bb-91bb-24b3a296a40a,4,0,4
70873,0,2,2
Estrella de Mar Ltd. Liability Co,4,2,6
Ship2Report,6,0,6
90562,1,7,8
b28d568f-09b4-41bd-b04d-4cf255f1adc6,6,5,11
410,2,0,2
47562016,0,11,11
87940,6,0,6
5639000,2,6,8
5372,4,1,5
951093,3,2,5
86590543,2,5,7
Jonathan Smith,4,1,5
217fe70e-cc2d-4899-9127-e0a7da182699,2,0,2
Playa de la Luna Ltd. Corporation,7,0,7
304,1,3,4
672,5,11,16
02cd44a1-7945-40d9-b38f-56f70976582c,1,1,2
7950,3,2,5
44,3,0,3
41,2,4,6
2125,4,0,4
1076f239-831c-4c53-9134-484c8f2d5c73,0,4,4
Amy Wilson,3,0,3
9e2e5adf-b6aa-4e7f-9af1-a899ceccfba6,0,10,10
59,14,5,19
46510923,0,8,8
pilot,2,1,3
9699687,3,0,3
Mar del Oeste Pic,170,187,357
31,2,2,4
4526320,2,1,3
98748,0,3,3
50,1,1,2
5495,5,3,8
454,2,5,7
83818120,1,4,5
Mr. Gregory Brown,5,3,8
8327,6,9,15
222848436,0,3,3
Amphibious Warships,2,0,2
Brian Weber,1,1,2
weeks,7,14,21
40213337,9,16,25
cutters,6,0,6
Coast,0,19,19
7505050,6,24,30
Today,3,4,7
June year,0,1,1
8787,3,15,18
218,4,1,5
88149,2,3,5
175,8,4,12
Michael Nicholson,0,3,3
Andrea Peters,1,1,2
7691,15,27,42
98332,5,8,13
78565892,3,0,3
df365f60-c399-42f5-ad38-736145edef5e,0,2,2
4146760,1,0,1
812740593,1,3,4
Joshua Baker,3,0,3
4764109,1,1,2
761,1,0,1
a7d22b55-872d-4fc0-b1ea-935f63ce0d2a,0,1,1
water,10,5,15
√¢¬Ä¬òdevil vessels√¢,1,0,1
Erik Johnson,0,1,1
Alexandria Wilson,1,0,1
9786,2,17,19
Stephanie Garner,3,0,3
≈ì√Ü¬ü√Ø,0,14,14
≈ìe1P√Ø,1,13,14
≈ìe1P√Ø¬ø≈ìP√Ø,2,11,13
≈ìP√Ø,2,11,13
≈ì√≠¬ì¬É√Ø,4,10,14
≈ìXu√Ø,5,9,14
≈ì√û¬£√Ø,6,8,14
≈ì8p,7,7,14
≈ìk,8,6,14
≈ìPj√Ø,9,5,14
≈ì√û¬ñ√Ø,10,4,14
≈ìB,11,3,14
≈ìl√û¬ùu√Ø,12,2,14
iJPk√Ø,13,1,14
≈ì5√Ø,14,0,14
≈ì√Ø,4,35,39
≈ìDd√Ø,1,35,36
√Ü¬É√Ø,2,34,36
≈ìg√Ø,6,33,39
p√Ø¬ø≈ì√Ø,4,33,37
≈ì√Ø¬ø≈ì√Ø,5,31,36
K√Ø,6,30,36
≈ìi√Ø,7,28,35
q√Ø¬ø≈ì√Æ,8,27,35
≈ìGu√Ø,9,26,35
≈ìPm6,10,25,35
≈ìz,11,24,35
≈ìN√Ø,12,23,35
≈ì√é¬í√Ø,13,22,35
≈ìbjNnn√Ø,14,21,35
≈ìL√Ø,15,20,35
≈ì√ü,16,19,35
≈ì5√Ø,17,18,35
√â¬Åd,18,17,35
L√Ø,19,16,35
≈ìjO√ë,20,15,35
≈ìY,21,14,35
≈ìnO√Ø,22,13,35
N√Ø,23,12,35
≈ìz√Ø,24,11,35
≈ìX,25,10,35
≈ì√í≈íip√Ø,26,9,35
≈ìMSss√Ø,27,8,35
≈ìx,28,7,35
≈ìV√Ø,29,6,35
≈ìUk√Ø,30,5,35
≈ìm√Ø¬ø≈ìd√Ø,31,4,35
≈ìm√ß¬Ñ¬¢k√Ø,32,3,35
≈ìm√ß¬Ñ¬¢k√Ø¬ø≈ìF1√Ø,33,1,34
≈ìF1√Ø,33,1,34
≈ìF1√Ø¬ø≈ìF,35,0,35
Miguel Fisher,1,3,4
Last,5,4,9
Jeremy Norris,20,5,25
Dana Goodwin,19,12,31
897,2,0,2
5961c4ed-5c5b-40e4-b0ab-1e0217cb12c0,0,1,1
d3243667-8978-454b-917e-530ab514fcb0,1,0,1
2243528,1,5,6
693c9865-5633-40a1-bcb6-3f0dd68a41c4,2,0,2
544344,5,4,9
2056,0,1,1
95219,3,0,3
579919,0,2,2
Ocean Tuna,0,2,2
262157542,12,10,22
46194,3,0,3
826273,1,5,6
951,0,3,3
911,4,0,4
9204971,1,1,2
2230601,1,1,2
10,0,3,3
Explorer,1,3,4
Diana Brandt,0,4,4
Brandi Bowen,1,2,3
Taylor Chan,2,0,2
1a069318-6dc0-45d0-9948-7b846f61c201,0,2,2
79513661-4dbe-4797-a73a-e53177f7a4b3,1,1,2
Michele Henry,4,7,11
36295,0,2,2
a7a35f33-3e72-44f2-a51b-922e44da23bc,0,3,3
√¢¬Ä¬òartisanal√¢,22,7,29
√¢¬Ä¬òsubsistence√¢,26,2,28
Jeremiah Delacruz,1,2,3
√¢¬Ä¬òsquids,4,3,7
√¢¬Ä¬òclams,5,2,7
Octopus,0,3,3
60253,0,3,3
109746,2,0,2
13015105,3,2,5
Ms. Jenna Gonzalez MD,1,0,1
37e46ce7-3cfa-4805-a254-5549adf19805,1,4,5
Scott Mays,2,0,2
b4caf8cd-dbc7-4c99-9f2b-de407274c08b,2,2,4
38b72863-eaf3-4270-a213-d9ddaee2c6cb,3,1,4
410af01b-a5fb-4d6c-946d-a48fea30332b,4,0,4
√¢¬Ä¬òSocioeconomic,0,3,3
553309,0,21,21
EBSCOhost√¢¬Ä¬îsearched √¢¬Ä¬òoctopus,1,26,27
AND fishery√¢,3,27,30
515270,4,18,22
09e2222b-c13c-4a94-b1d9-b79238be0788,5,25,30
artisanal√¢,6,24,30
704,7,27,34
Elizabeth Savage,9,10,19
√¢¬Ä¬òoctopus√¢,9,19,28
√¢¬Ä¬òcephalopod√¢,11,17,28
cyanea√¢,13,16,29
maya√¢,14,14,28
Taylor Park,15,14,29
√¢¬Ä¬òpolvo√¢,17,10,27
√¢¬Ä¬òlivelihood√¢,22,5,27
Angela Wheeler,23,6,29
Lisa Branch,24,5,29
folk√¢,23,4,27
√¢¬Ä¬òwomen√¢,26,1,27
√¢¬Ä¬òfisher√¢,28,0,28
management√¢,6,21,27
√¢¬Ä¬òo,10,17,27
Adam Blankenship,13,13,26
√¢¬Ä¬òpoulpe√¢,15,10,25
Mr. Thomas Johnson DDS,16,9,25
scale√¢,4,23,27
Costa del Mar Oyj Hijiki,1,0,1
Miss Jessica Baker DVM,0,1,1
Alonso-Fern√É,3,0,3
4b6a1701-93c3-403c-bd2f-9684106e8bba,0,1,1
c1aeee2d-0030-4d85-b45c-ac3fd9887b98,2,1,3
Bu yu wang Plc Carriers,1,2,3
Jeffrey Yates,0,6,6
42aea61e-a98f-4528-9f30-51624ecf3957,0,4,4
1334578,0,4,4
7670,6,8,14
43,2,0,2
conjunction,0,1,1
OE23,1,0,1
3601920,1,3,4
435978092,4,0,4
Andres Cook,2,3,5
22a2062d-03d8-48c3-9e91-9e5930b8d29f,6,10,16
Tyler Guzman,5,0,5
ab195b55-453e-4436-ab0c-9f5660b4ec8c,5,7,12
Joseph Gonzales,9,3,12
Cindy Ritter,8,3,11
5441,12,2,14
199442,21,8,29
903,6,17,23
Erica Mitchell,0,2,2
829,9,5,14
995899,3,4,7
47249,8,2,10
23399545,6,1,7
621,4,12,16
europeansting,3,0,3
Jammu & Kashmir Ltd Family,4,0,4
7023,12,15,27
13863,0,8,8
James Smith MD,0,2,2
Brian Palmer,2,7,9
35683821,2,0,2
Morgan Bell,13,20,33
1465792,0,1,1
366,4,5,9
19386200,0,6,6
85946,2,1,3
172114,6,4,10
657,1,0,1
87339689,2,1,3
522017227,4,0,4
29,4,1,5
327481624,0,4,4
cf651b3c-4e21-458c-91c4-3cae2eb36bcb,0,3,3
17c99d9d-7049-4ebb-8a2a-f3d39cc42870,0,8,8
760402,0,5,5
Sarah Clark,1,1,2
Water,0,2,2
737137552,2,0,2
77bfcfcd-af2c-4b58-8a99-871a6c6109f2,0,2,2
25875c2e-ff9a-4669-bad7-2c84bafb7515,2,1,3
Matthew Martin,2,0,2
Tyler Brown,4,0,4
11960055,2,0,2
ce0d446c-d08d-49a8-8aa2-e625ead63d0c,1,2,3
25423,0,3,3
Delhi ers AS Holdings,0,17,17
Cape of Good Hope  Oyj,0,6,6
abcb0d9c-80da-4491-99f3-e093984f5373,0,2,2
Erin Simmons,4,13,17
LOM√É,0,2,2
6ae0d6bb-b101-4905-8b41-86b10a580c82,0,3,3
Kristina Frazier,1,0,1
Bryan Johnston,4,4,8
874124852,2,0,2
05ef2661-6f3a-4f37-83e7-2ec8352afaef,0,3,3
2ef60e7b-4914-4dbd-a063-5b23143fe5db,1,2,3
2633692,2,3,5
fc4e853f-6e18-4631-bf95-f70d6a30579f,0,20,20
6c7a8222-efc7-41a6-809a-043b091ae04a,2,4,6
Dale Warner,1,1,2
451,2,0,2
705283b0-cdb7-4f0a-8481-b3fea243a8e5,0,4,4
30295c76-f2c6-4284-89fd-8f8fd082889b,1,1,2
States√¢,5,1,6
Gulf,6,3,9
Boat,0,3,3
Teresa Rivera,4,0,4
767368152,2,2,4
6d887b98-7c48-4a82-98bb-2f50fe4b29d5,2,0,2
salmon,6,2,8
George Ramirez,3,1,4
4e872202-1d65-4183-80c9-e8c12c8f736e,0,2,2
4382,3,1,4
7320771,0,3,3
94760735,1,1,2
969,0,4,4
86dc0f8c-7305-4c1e-b655-cf16eefd6fce,1,0,1
8164acdd-514f-4e18-867c-4bc63cebf15b,1,1,2
Playa del Mar Caviar,1,1,2
a7f76d84-4ccf-424a-9bf9-fc20b862b7a8,1,7,8
142,1,2,3
3183,3,0,3
Estrella de la Costa Inc Transit,0,3,3
802113,3,9,12
372016989,5,3,8
Alan Pacheco,4,0,4
50335cc3-71d6-4803-baca-5faaecfc33cb,1,1,2
Virginia Carter,1,1,2
April James,3,0,3
Aleut Community St,1,2,3
Kanuux√å,2,1,3
e8036bce-0679-41d2-aa7b-d444163ae65a,1,3,4
√¢¬Ä¬úSeward√¢¬Ä¬ôs Folly√¢,1,0,1
Wendy Duarte,4,0,4
aa1f466d-d060-40fa-ab0e-3f8bb2ca940f,0,4,4
Alexis Murphy,2,0,2
Ala√Ñ¬ùum Kanuux√å,2,1,3
Angela Powers,23,18,41
Eric Gentry,1,0,1
Donna Shepherd,1,0,1
Zambezi Rapids NV Brothers,0,2,2
25652724,3,5,8
430,2,0,2
f402c1d2-8262-4bae-aa92-c8675a7006fc,0,5,5
49729,6,11,17
9209373,0,2,2
dff423b9-cf9a-4b0a-849f-ecb513924287,1,1,2
993137821,2,0,2
2421,1,2,3
7413,2,0,2
43185,9,5,14
937182447,2,0,2
√¢¬Ä¬úAla√Ñ¬ùum Kanuux√å,2,0,2
861,1,1,2
Gary Scott,2,1,3
883290144,2,3,5
859375359,2,0,2
47967ccc-0e26-458d-b1e5-80e8668db714,0,2,2
7056336,1,0,1
36322,1,0,1
52,2,3,5
c9b9c344-98ec-40b8-af05-8528e5d82534,2,5,7
42603647,0,6,6
8544797,1,1,2
5070599,1,4,5
8966,2,2,4
39,20,1,21
Plastic,1,6,7
927244,2,0,2
e53552bc-174b-4799-b96b-c23cfa0731cb,4,3,7
9166,2,0,2
19,11,16,27
48,8,7,15
Thomas Curry,1,4,5
87ea830d-be41-4317-8b1b-142f23da70d7,1,4,5
662118,4,0,4
45,0,4,4
c14a3dc1-59d0-4b92-b9f3-331e51912787,0,1,1
17-Sep,2,0,2
Christopher Peterson,0,3,3
505943,5,4,9
Isaiah Hammond,1,1,2
Erica Bailey,2,0,2
90183,0,2,2
79538,5,7,12
Kevin Norton,2,0,2
Gregory Moore,1,0,1
43685541,13,17,30
7871,0,1,1
7247721,1,0,1
22,1,2,3
cefaf8b3-3aa2-4c59-b4aa-7974c8e1fe32,9,7,16
√¢¬Ä¬ògreen√¢,1,0,1
normal,0,1,1
ede1806c-b3d1-47f5-ba49-d948d6ec385a,1,1,2
36,1,0,1
52e9a600-9d6f-4683-95be-c7c60c57ffe1,1,0,1
Christina Olsen,0,1,1
Di√É,0,2,2
logo,5,0,5
Amy Wise,1,0,1
8609,1,2,3
40952,1,1,2
27641046,0,2,2
e167b40a-96f4-40e0-873b-78950e4434f4,0,4,4
324989705,2,1,3
5415,1,1,2
9473,2,0,2
52093e45-b873-4300-9612-8dfc291b1339,4,5,9
46aadaa6-fb30-4474-a060-3adb689f4189,1,0,1
8c53a730-3aa1-463f-aef6-999a3cfbfb70,1,0,1
528,1,0,1
Abigail Foster,9,19,28
Rybachit Limited Liability Company,4,6,10
Hunter Wheeler,0,2,2
Christopher Miller,5,3,8
ae88562c-5c39-4c15-b128-b4f67f5e5812,2,0,2
ipoa-iuu,4,0,4
Think Tank Index Report√¢,0,2,2
upenn,2,0,2
edu,2,0,2
2ceda972-c633-4a88-bbe8-a4fe48cb5555,0,5,5
Torremolinos,6,1,7
International-Convention,7,1,8
imo,3,2,5
890,0,2,2
√¢¬Ä¬úU,1,10,11
Senegal Coast Oyj Motorboat,0,4,4
762833,1,3,4
Spy,0,1,1
Howard Pierce,2,0,2
228,0,5,5
63,2,5,7
84,4,2,6
22150,4,0,4
Jill Boyd,1,0,1
Kristin Davidson,4,0,4
Robert Carpenter,2,0,2
Mario Richardson,12,14,26
√¢¬Ä¬úregions,5,0,5
7529,0,2,2
90254947,1,3,4
591787,1,3,4
Joseph Johnson,0,3,3
Peter Oliver,5,10,15
√¢¬Ä¬úsink√¢,3,0,3
555217629,8,37,45
Jeremy Jackson,2,1,3
Kelly Brown,5,10,15
Susan Porter,1,3,4
Meghan Wolfe,1,0,1
Zachary Petersen,1,1,2
Stephen Evans,0,3,3
Charles Tran,6,0,6
23550059-88d4-4a69-b74e-3c7de8bf56de,0,1,1
Patricia Byrd,1,0,1
Ronald Mahoney,1,4,5
Playa de Coral GmbH Consultants,2,2,4
Kirk Jackson,5,0,5
√¢¬Ä¬údegraded√¢,1,2,3
Jeffrey Curry,3,0,3
Steven Huynh,1,1,2
Evelyn Huang,6,2,8
√¢¬Ä¬ãpoint,3,0,3
Bonnie Perez,2,0,2
Courtney Evans,0,3,3
Mexico√¢¬Ä¬ôs Yucat√É,1,1,2
Jerry Welch,24,5,29
1196cfc8-175c-465b-aee9-fbf74c81aa49,0,2,2
87,1,2,3
Ni√É¬±o,2,1,3
Judy Johns,1,1,2
Richard Greer,4,1,5
David Hayden,0,1,1
Matthew Delgado,2,0,2
21e68e53-183c-45a0-9805-68c099d4d9c0,1,0,1
√¢¬Ä¬úpioneers√¢,1,1,2
emba√É¬∫ba,1,4,5
√¢¬Ä¬úzombie,3,0,3
Kenneth Jones,1,1,2
√¢¬Ä¬úSwiss,0,1,1
Elizabeth Dean,1,0,1
Daniel Mason,5,4,9
Miss Angel Thomas,3,2,5
Amanda Mitchell,4,1,5
Scott Brown,5,6,11
days,22,18,40
38111,2,0,2
Thomas Rivas,1,1,2
Holly Taylor,9,2,11
66030248,0,5,5
20571414,1,2,3
31894357,1,3,4
1225,6,4,10
363355,4,1,5
387674,6,0,6
Alan Wells,26,17,43
981038,1,1,2
√¢¬Ä¬úThese,13,1,14
Stephen Lowe,1,1,2
Nicholas Hernandez,2,0,2
Stephanie Robinson,3,0,3
e678510b-947d-455a-8eb0-44d1009682ec,11,21,32
The Pew Charitable Trusts√¢,0,1,1
Jerry Montgomery,1,0,1
ad8fe467-3759-4f53-bf6a-896a237d187f,11,26,37
Leng 999 Gal,2,0,2
1402,0,3,3
a0deebdf-db0c-4aa8-91b6-0536e017c20f,2,0,2
25125567,0,2,2
Parker Jones,1,2,3
√¢¬Ä¬úCollecting,2,0,2
33681303,4,5,9
Michael Brock,5,8,13
2573803,1,0,1
56126935,0,1,1
√¢¬Ä¬úcollaborative√¢,3,0,3
Xavier Sanchez,10,9,19
Raymond King,2,0,2
Thomas Morales,18,11,29
138782226,11,15,26
Christopher Daniel,0,2,2
Linda Sherman,9,13,22
Mary Lucas,2,1,3
Morgan Black,33,8,41
Kristine Vaughn,0,5,5
1301719,1,0,1
Melissa Gonzales,5,7,12
496391,0,2,2
7539428,1,0,1
8afc9cb6-edf5-4a7d-9a02-054444a5604e,0,2,2
Crystal Smith,1,1,2
Richard Perkins,19,28,47
Amanda Gibson,6,0,6
Christine Jones,0,3,3
Carlos White,9,10,19
28379,1,2,3
Christine Robinson,1,0,1
958085,8,9,17
Diao er Ltd. Corporation Transport,2,3,5
Tshikwea Corp Marine sanctuary,4,9,13
5ede75fe-f670-4a59-b693-da34e7f6eb47,3,4,7
Robert Adams,0,9,9
Brandon Jackson,1,0,1
Sierra Smith,4,13,17
519994690,1,3,4
102642,5,0,5
7908385,1,3,4
691192,2,0,2
243964,0,2,2
Turkish Sword Ltd Export,2,1,3
Jasmine Camacho,3,3,6
Lindsey Palmer,3,2,5
√¢¬Ä¬úespecially,3,1,4
Melissa Spence,2,0,2
e13aca6a-88b5-4be7-a293-4a57854d7b1d,0,4,4
Jessica Brown,2,3,5
Daniel Snyder,10,3,13
441,0,1,1
Bethany Wright,0,3,3
Willie Hill,3,0,3
Jennifer Meyers,0,2,2
Allison Leonard,1,2,3
√¢¬Ä¬ô√¢,22,1,23
Amanda Andrews,8,4,12
Bruce Brooks,0,2,2
111795162,3,0,3
482048,1,0,1
70,2,2,4
√¢¬Ä¬úHe,30,1,31
7cc6bfba-4893-444b-a641-a7d0b48fa427,3,0,3
56,4,6,10
621770,2,0,2
3016,0,12,12
98703,5,2,7
Misty Thomas,4,0,4
314,1,0,1
567,3,5,8
990,5,8,13
341853,0,8,8
13592,2,1,3
Dawn Sanchez,2,3,5
979893388,124,83,207
Tammy Ryan,1,0,1
Timothy Lopez,0,2,2
Marine Mermaids CJSC Marine biology,1,1,2
David Larsen,0,1,1
706129,0,2,2
14,0,4,4
4698,4,2,6
89734,1,3,4
Terry Murphy,4,1,5
491,1,5,6
3528,1,1,2
43247945,2,0,2
e1d7b4ac-ed31-42a4-9375-4afb0f78f276,1,2,3
Mary Horton,2,3,5
cutter James,2,0,2
Mr. Mark Kline,0,2,2
1da2bc5a-e590-41c9-9982-2ade48dfc426,1,1,2
842229565,0,1,1
Dylan Roberts,0,2,2
Hang,1,1,2
41695239,1,1,2
489,2,0,2
67a59fab-710a-4992-b6d0-d581fd9dceba,6,6,12
da75877e-ec57-42cc-82b9-de68c8d333e7,3,7,10
boat,1,1,2
Michelle Hancock,3,0,3
Kathy Rodriguez,0,3,3
Gal√É,2,0,2
950296,2,5,7
Oceans,0,3,3
David Weber,1,0,1
7c54563c-577c-462f-8e30-389b510c776a,0,1,1
Morning,0,2,2
Jennifer Simmons,1,1,2
4759,1,1,2
626,14,14,28
72899187-0989-47fa-9db0-cd1d4c3fc4e3,0,2,2
833355,2,0,2
27078926,2,1,3
2983,2,2,4
613281364,2,0,2
Dylan Moss,0,2,2
92,2,2,4
8597,2,0,2
801809,2,0,2
Angela Spencer,2,0,2
97,4,5,9
6889326,1,0,1
ec1b111d-b9eb-4eef-ab00-ff7124cca480,0,3,3
32416483,1,1,2
f2aee915-d483-4823-a030-9aac5e44c1fe,12,19,31
ocean√¢¬Ä¬ôs,5,1,6
7328,0,4,4
OceanicOrigin Foods Co and Son's,2,0,2
71317,5,0,5
852015,1,0,1
65,1,0,1
58745,1,0,1
71755,5,0,5
1972868,1,1,2
61057213,0,2,2
653,4,0,4
473c1320-e50b-4f90-a068-76f82e210f26,0,2,2
Ola de la Costa S.A. de C.V.,1,1,2
18,8,8,16
24641639,2,0,2
678,0,3,3
6393,3,1,4
Margaret Shields,1,0,1
346281879,0,2,2
341,8,1,9
1094345,9,14,23
629,4,3,7
Brian Wolfe,1,1,2
119411,10,6,16
8950,3,0,3
8041aa28-8c50-4083-a528-469c0c6251d9,0,15,15
621,4,12,16
Frank Guzman,2,0,2
34f0cbbf-83c3-4e09-ad7a-b94a778f7c12,0,1,1
Michael Porter,5,2,7
Madison Edwards,0,1,1
Calvin Salas,28,8,36
√¢¬Ä¬úpresumed√¢,2,2,4
√¢¬Ä¬úconfirmed√¢,4,2,6
685607,2,1,3
265494227,3,1,4
2a282617-d174-409c-b0b1-490fdc369335,0,7,7
xu y Ltd. Corporation,0,5,5
periods years,5,1,6
89035,2,6,8
Tristan Johnson,7,0,7
Andrew Gamble,4,0,4
21724,0,3,3
√¢¬Ä¬úhigh,1,4,5
√¢¬Ä¬úwidespread√¢,2,1,3
David Mcfarland,5,3,8
√¢¬Ä¬òprotected√¢,2,0,2
30700925,1,0,1
George Morton,2,0,2
Janice Bell,1,1,2
Saturday,2,0,2
a39483f8-121a-4c18-9b20-9e0d2cba52e9,0,4,4
58623386,7,9,16
492238508,2,1,3
Anita Tate,0,8,8
4447143,2,0,2
Lisa Foster,1,0,1
34252,5,2,7
8494294,1,0,1
Catch√¢,1,0,1
17,1,1,2
150674265,2,0,2
Audrey Romero,0,5,5
Melinda Wade,2,0,2
36b70b18-465a-442f-bfbe-cedb85d48acc,1,0,1
13,0,3,3
3887,6,0,6
reefers,0,2,2
√¢¬Ä¬úencountered√¢,4,0,4
Veronica Payne,3,1,4
Ronnie Burns,4,0,4
Lisa Lambert,10,0,10
1360,1,12,13
Kimberly Lara,1,1,2
2ad4f7ea-6f93-4a11-ace7-d7a4234bb991,5,4,9
b24194ae-69ad-4e6c-be29-787c215cde65,1,0,1
Sara Jenkins,5,1,6
19a4297e-2d2b-47c0-9dce-816148a16f4e,4,1,5
Maru,0,4,4
Danielle Camacho,11,4,15
60693571,0,1,1
54073418,1,0,1
Mr. Justin Bailey MD,2,0,2
76568,5,5,10
c682ec16-cd10-4a6c-94ce-4a5eb590b42e,1,3,4
Paula Allen,1,2,3
13 years√¢,2,2,4
three,2,3,5
Christy Fields,2,0,2
Michele Hernandez,1,1,2
Mary Castillo,2,1,3
Jennifer Brown,1,0,1
John Barnes DDS,9,4,13
830155,1,1,2
Anna Turner,2,0,2
Stephanie Quinn,0,2,2
9590898,0,5,5
Joshua Garrett,2,2,4
95230042,2,0,2
21240092,3,2,5
7234,0,2,2
6335187,1,15,16
695031,2,0,2
2508,2,2,4
6391,2,1,3
Mary Jenkins,0,2,2
75835980,2,0,2
23774,1,1,2
Nicole Smith,0,12,12
9992346,0,2,2
227,1,1,2
ocean,4,3,7
Jennifer Reilly,1,0,1
79,0,2,2
39893,2,0,2
47bd4f34-d0af-41f0-88c5-eb9d4fde440c,2,0,2
3782,0,14,14
7441,2,2,4
Fisheries Animal Industries√¢,2,1,3
Donald Thompson,1,1,2
Cynthia Byrd,0,1,1
Christopher Hernandez,0,2,2
58666504,0,2,2
Jennifer Frederick,3,0,3
70347729,0,1,1
116070050,1,1,2
b47086b0-e225-436a-83b1-2cf5cda4dbd5,4,0,4
613465161,0,2,2
bottom,3,5,8
Michael Patton,2,0,2
Kristin Jones,2,0,2
884648,6,2,8
90,26,20,46
353149780,0,2,2
2913,6,9,15
693436,2,3,5
88a1fe65-33d9-487a-a3ac-d4208f41b754,3,0,3
Jenna Barton,3,0,3
67f3755e-7f86-40a1-ae17-998d50a3e772,0,1,1
631919,1,0,1
Stephen Gutierrez,1,0,1
Jessica Owens,0,3,3
John Hutchinson,2,0,2
Daniel Wood,3,0,3
√¢¬Ç¬¨7,2,0,2
reefer,0,1,1
Fu Yuan Yu Leng 999,1,0,1
88e9e7e8-3edf-4fd4-959d-8ec4f53e59d6,1,0,1
8732,0,2,2
44396,1,1,2
f7a4114d-d1ca-44df-a7e0-c72e440671ba,9,0,9
6038,0,2,2
Chinook,2,0,2
6274,0,1,1
f9f6fc72-83db-4c44-a818-dde6c33985f9,6,0,6
6758207,6,1,7
abc12,2,0,2
40,2,12,14
615043,0,2,2
Robert Lewis,1,1,2
Margaret Nichols,2,0,2
64124835,4,0,4
767,4,11,15
Chris Grant,0,3,3
Angela Orr,5,0,5
67909,0,2,2
e09b64a2-397a-4bec-96a1-7d61479fe37a,2,0,2
1012,0,2,2
Katelyn Gibson,0,3,3
Kayla Reynolds,1,0,1
724,0,1,1
824,0,2,2
William Williams,1,1,2
Vicki Owen,3,1,4
Alyssa Mccoy,2,0,2
292bf7d9-d86c-411d-9a85-da0cb4535e22,1,5,6
c82d3e99-b297-484e-a28a-76cba8d515cc,4,0,4
Scott Wright,3,2,5
854,3,0,3
2653581,0,1,1
John Conley,11,4,15
977,1,1,2
James Hernandez,2,0,2
1f899410-3447-48e7-bcb3-cbff10619e86,0,1,1
39048624,0,3,3
river,3,0,3
Rhonda Johnson,1,3,4
54,1,0,1
1853970,2,0,2
87648111,3,1,4
Barbara Mccarty,4,0,4
Christopher Simon,5,0,5
Lauren Jackson DDS,1,1,2
√Ø¬¨¬Åshes,2,0,2
√Ø¬¨¬Åsh,1,1,2
Darren Wilson,0,4,4
Andrew Miller,1,1,2
Erica Cisneros,1,3,4
440994840,1,6,7
Heather Hill,1,1,2
Krystal Lee,1,0,1
42258,0,1,1
506986590,0,2,2
7321,1,1,2
647724,1,0,1
272735814,0,1,1
Wesley Woods,2,0,2
Dry Creek Marine sanctuary,0,2,2
1214936,3,0,3
2751,5,0,5
Marvin White,3,0,3
Philip Black,0,2,2
Laurie Clark,1,0,1
7548555,0,5,5
ARA Contraalmirante Cordero,2,0,2
Keith Webb,8,5,13
54217974,3,15,18
38,26,16,42
Elijah Gordon,5,2,7
71352,2,0,2
60806,6,3,9
259e9338-b33e-4dc7-843a-96a720d22d9b,3,1,4
461553,1,1,2
538991,1,1,2
71,5,1,6
Rebecca Fox,0,1,1
expect year,3,0,3
Charles OJSC Marine conservation,0,4,4
shrimper,1,0,1
Caracola Azul Limited Liability Company,0,2,2
Brandy Williams,8,0,8
d6968538-6f18-4a1c-a4e2-59de3c0e25c2,0,2,2
coastguard,2,0,2
Viento y Mar BV,2,1,3
Robert Vega,10,0,10
James Sampson,0,2,2
Debra Hebert,1,0,1
135024,0,2,2
38844,2,2,4
John Frederick,3,0,3
Allison Rodgers,0,2,2
759,3,0,3
0ae94787-4593-4139-848d-9174ea13ac23,2,0,2
OceanFront Foods Co Beach,0,3,3
19186817,1,2,3
2748013,2,0,2
23636990,4,1,5
996,5,0,5
81661977,0,2,2
metric,1,1,2
24189,0,2,2
216,1,3,4
Frederick Hunter,1,1,2
9977227,3,2,5
64365043,0,2,2
06c161ac-e601-493f-b8df-839382e16a74,0,1,1
458785,1,0,1
e5e2e269-ccc5-4e16-88a8-e909c1fa32db,0,3,3
42,9,6,15
4258240,0,3,3
Julie Parks,0,2,2
891,0,8,8
a96730cc-485e-46be-aba4-339442bacd8d,1,4,5
USCGC,7,0,7
Kristi Weeks,4,0,4
DDG,3,0,3
USS,2,5,7
USS Hurricane,0,1,1
PC,11,8,19
Brandi White,2,1,3
Tara Hanson,0,3,3
Wesley Vasquez,2,0,2
16,6,8,14
Rebecca Adams,3,0,3
29481,1,4,5
Briana Johnson,2,1,3
6126134,0,2,2
595038316,1,1,2
673431,3,1,4
73704,1,5,6
6780,20,7,27
Mr. Joseph Johnson,4,0,4
7480,0,3,3
Marie Lee,12,0,12
4769248,0,2,2
3015,1,1,2
2679,2,3,5
97836b65-db6a-43bf-9467-cf57d84645ff,0,5,5
Douglas Gillespie,2,0,2
√¢¬Ä¬údisaster√¢,2,0,2
Jonathan Garner,3,0,3
Amanda Contreras,3,0,3
Long Xing 629,0,2,2
Bryan Hill,1,3,4
58db776e-40f1-4e68-b13d-dcc42416ce58,3,0,3
Anthony Le,0,3,3
Jo Francis,1,1,2
Stephanie Thompson,2,0,2
Michael Baker,2,0,2
868,0,2,2
99985383,1,1,2
298,2,0,2
Michael Wagner,0,3,3
Susan Hodges,2,0,2
Michael Chen,7,2,9
Jennifer Thompson,0,2,2
Sabrina Zamora,2,0,2
Hannah Chandler,0,2,2
Deckhands,0,2,2
Bruce Bates,1,1,2
Kimberly Lopez,2,1,3
Teresa Jackson,4,1,5
√¢¬Ä¬úWe fins,3,0,3
ecf18ac9-a773-43a0-98c8-cdd264565b2f,0,2,2
46,1,4,5
65fea097-e838-4be6-9889-83f5361fe777,2,0,2
Ann Nelson,4,3,7
Robert Nguyen,2,5,7
dec69ea4-1c0c-4b31-b6fe-7d0c7e4b8fd9,2,0,2
Dr. Michelle Dominguez,1,3,4
Charles Hart,1,1,2
Tian,2,2,4
Patricia Bowen,11,7,18
Paul Holloway,1,0,1
Maria Russell,3,0,3
Justin Rodriguez,2,2,4
Carl Lopez,2,1,3
Mar del Norte Ferry,1,1,2
122245,5,7,12
4946,2,1,3
Gabriela Graham,1,1,2
Joseph Newman,0,2,2
Danielle Valdez,3,2,5
Susan Williamson,2,3,5
Lauren Reynolds,5,2,7
91,0,5,5
20,0,6,6
74211169,1,0,1
Romero Oyster NV Carriers,1,2,3
James Hall,2,0,2
3553,0,1,1
72875,0,2,2
Coast Guard Cutter Edgar Culbertson,3,0,3
38,26,16,42
Heidi Kline,0,2,2
863749817,3,0,3
475,5,1,6
567217,1,2,3
Oliver,2,3,5
Amanda Becker,9,1,10
160,16,83,99
Nicholas Dennis,2,0,2
938816,1,2,3
√∞¬ü¬í¬™√∞¬ü¬™,2,1,3
5469,3,0,3
4679,0,1,1
Cape Verde Islands Oyj,1,0,1
Andre Phillips,0,3,3
USCG√¢¬Ä¬ôs,1,2,3
CutterOliverHenry,2,0,2
Scott Solis,2,0,2
Jonathan Spence,1,0,1
11,0,2,2
Tanner Smith,0,3,3
Emily Bailey,1,2,3
30041,12,7,19
468511,2,2,4
86,3,0,3
Ann Flowers,1,0,1
60774,1,3,4
47,2,1,3
Michael Bullock,1,1,2
Michelle Singh,5,2,7
SSN,6,1,7
Tyler Palmer,8,0,8
HMAS,0,5,5
dec44f58-94b0-4070-bfb3-1e13ef308ec3,2,7,9
Chad Nichols,3,0,3
2114,0,2,2
34020206,0,2,2
Fin Flair Pic Delivery,2,0,2
Scott Wallace,1,1,2
Tony Patterson,2,7,9
Sampath,0,2,2
683962,2,0,2
Anna Johnson,0,2,2
95c715ba-891e-4472-8e2a-4e746dcc266a,8,0,8
Anna Smith,5,1,6
760219951,0,2,2
36744944,3,6,9
734121719,3,0,3
Kathleen Gates,2,0,2
6b58646e-1d3a-4b72-b8a0-9f57c296d73d,0,2,2
9357541,0,3,3
William Atkinson,2,0,2
Lisa Payne,2,2,4
87278,3,0,3
Christine Chaney,0,4,4
8226730,0,3,3
5b199218-6513-430b-8e56-8aa1d83456a3,1,2,3
Mr. Jose King,6,0,6
Thomas Adams,1,1,2
75,0,3,3
Kimberly Olson,3,0,3
911243414,0,2,2
9280,1,0,1
cc6cf3e0-5794-4497-a31d-79b4db1b55a9,0,2,2
Ryan Garrett,2,10,12
408119,3,11,14
Gary Butler,5,7,12
Gary Smith,5,7,12
Denise Diaz,8,4,12
6ead18ca-3084-4f8e-9c1e-a5e470fc5935,9,3,12
48259,11,2,13
b636c0f8-2ddf-42ad-9f9c-73bd48682561,2,0,2
United States√¢,1,2,3
55301,0,2,2
Elaine Duncan,2,2,4
Game Thief√¢,2,0,2
604905,0,4,4
784221,2,4,6
ae19b5a7-4f70-4366-98ad-819e3009aeca,4,4,8
d4947401-8ec7-48b9-a66f-45d983d59e0a,2,35,37
Dennis Little,3,0,3
√¢¬Ä¬útransshipment√¢,2,1,3
Brooke Garza,2,2,4
Feng,4,0,4
82462633,0,6,6
Carrie Elliott,4,2,6
5235138,2,0,2
Breanna Ward,0,1,1
Donna Webb,1,2,3
summer,1,2,3
Tracy Smith,2,0,2
Kimberly Petersen,1,3,4
Robert Schaefer,1,0,1
Samuel Stokes,1,2,3
Timothy Hernandez,2,0,2
5680682,10,5,15
47234884,1,1,2
Marcus English,1,0,1
Meghan Kim,1,0,1
David Nunez MD,3,1,4
30,1,3,4
Thomas Diaz,2,1,3
Hannah Taylor,2,1,3
Joanna Brown,5,2,7
307,0,1,1
Monique Rios,1,1,2
years√¢¬Ä¬îthat,1,0,1
950574,1,2,3
Pacific Island States United States√¢,3,1,4
territory American Samoa,4,0,4
62d4bdbc-8978-4cbf-b9ea-82aaa9188c91,2,2,4
900,3,0,3
Coastal Crusaders Kga Worldwide,4,0,4
Luis Douglas,0,2,2
Seashell Sanctum SRL Transport,1,1,2
Fernando Steele,0,3,3
David Tucker,1,0,1
Tiao piao AG Delivery,5,3,8
e39609a3-b437-41c2-b114-e21dc69a9bb1,0,4,4
√¢¬Ä¬úeared seals√¢,1,2,3
Robert Mcintosh,1,2,3
Amber Sharp,3,1,4
James Anderson,4,0,4
497,2,0,2
7892,2,2,4
8513,1,0,1
1415,1,0,1
3433,1,2,3
Kara Sullivan,2,0,2
Teresa Gardner,0,2,2
Trevor Brown,1,1,2
Kimberly Roberts,2,0,2
Ricky Holland,0,4,4
Lydia Day,2,1,3
√¢¬Ä¬úit,5,2,7
Nichole Kline,4,0,4
Ryan Rich,3,0,3
650749,0,5,5
Shawna Welch,0,2,2
Zachary Jordan,3,2,5
holes√¢,2,0,2
89526932,0,2,2
√¢¬Ä¬úfirst,7,1,8
26978247,3,0,3
nigeria,1,0,1
boat√¢¬Ä¬ôs,5,0,5
53792,2,2,4
c66f5cd5-3891-43ce-a3f8-0147b3d643b1,0,2,2
032522db-8105-4c26-8142-ae9d5806f7c5,4,0,4
Mrs. Melinda Richardson,1,1,2
Frederick Harris,0,2,2
30141220,2,1,3
90192265,3,0,3
Natalie Gill,1,0,1
23f52980-e4f4-43da-ac02-9c1eef637751,2,3,5
245658,0,1,1
552027385,1,2,3
Brian Stevens,0,2,2
√¢¬Ä¬úconservative√¢,1,0,1
e4e5b1ca-e210-4d3f-8cea-fa5c2309340f,0,2,2
ce06b4c4-dd19-485d-ad52-f7cd953db1c2,1,1,2
d2589980-b0c7-4c36-8ddf-8afe554853ea,2,0,2
Robin Fernandez,2,0,2
week,8,11,19
Diana Kelley,3,0,3
Angela Wright,1,0,1
Miranda Small,2,0,2
Stacey Ortega,7,0,7
FV,0,6,6
Gary Crawford PhD,1,4,5
FV Snake,2,5,7
FV Viking,3,3,6
FV Thunder,4,3,7
Aquaculture√¢,8,0,8
Paul Parker,1,1,2
4877,3,0,3
√¢¬Ä¬údiscrimination√¢,0,1,1
Jessica Gibson,1,0,1
da7677f8-d1f0-4e35-afe9-4240613e866b,0,3,3
48115,3,0,3
Rhonda Sullivan,0,1,1
Adam Gutierrez,0,1,1
Gregory Carter,1,1,2
Martin Bryant,15,0,15
555,0,2,2
903311212,170,220,390
683113035,0,3,3
th,0,3,3
Bruce Spears,4,0,4
Itaqua√É,2,8,10
1710a32e-7a58-4d7f-9c5e-bf897b7419a3,3,12,15
Sherry Richmond,4,0,4
Daniel Shaffer,2,0,2
Sierra Vincent,3,0,3
Margaret Ward,1,2,3
Wendy Crane,3,12,15
Richard Bowers,0,2,2
Joshua Hammond,2,0,2
Samuel Cross,3,1,4
√¢¬Ä¬úAs,4,6,10
47698,0,1,1
DECEUNINCK,2,0,2
Kristi Ryan,1,1,2
199,4,1,5
23990411,3,15,18
10880329,0,4,4
Rhonda Price,1,0,1
45ff391d-0f6a-4ee4-abe6-8b06d07dbfd6,1,0,1
e941d006-6590-4143-9d0d-12926b0b6f5c,0,2,2
Tyler Blanchard,2,0,2
Shawn Cook,0,2,2
ce2247ab-4922-420f-8d42-504c4ddda305,1,1,2
Susan Montoya,2,0,2
William James,7,1,8
e0cdfc51-7473-481d-8900-03f66d6e359e,1,0,1
Ricardo Gomez,1,1,2
75471,6,23,29
14 months,1,1,2
82408558,1,1,2
f6cca381-c55e-44cc-b685-6c4139459b96,3,0,3
f94bcae5-b023-48f6-a0d5-ff2f01cc00ed,2,1,3
√¢¬Ä¬úcatch,0,1,1
√¢¬Ä¬útotal,2,0,2
Manipur Market AG Consultants,0,5,5
√¢¬Ä¬úMoby-Dick√¢,1,0,1
04eab3c4-ed99-467b-8844-b5279a6b955e,0,2,2
5312744,0,2,2
Amanda Santana,1,1,2
Dana Macias,2,0,2
Helen Chase,2,0,2
Candace Burnett,1,1,2
34153143,2,2,4
√¢¬Ä¬ùTheoretically,3,3,6
Jonathan Torres,6,3,9
Gary Dunn,9,0,9
721436,1,2,3
Brittany Frey,3,0,3
Brett Williams,3,4,7
Seafreeze Ltd,0,3,3
36033030,1,2,3
Todd Lane,3,1,4
Alicia Lee,1,9,10
8112222,2,0,2
19471,9,7,16
Linda Holden,2,4,6
Donna Romero,3,0,3
Amanda Garcia,3,0,3
Shona Barracuda AB Worldwide,0,1,1
415053,0,4,4
√¢¬Ä¬úBHF√¢,3,2,5
Olivia Bradshaw,0,3,3
461541,1,2,3
√¢¬Ä¬úProPublica√¢,3,0,3
√¢¬Ä¬úyesterday√¢,0,2,2
√¢¬Ä¬úlast week,1,1,2
√¢¬Ä¬úPortland√¢,3,0,3
watercraft,4,0,4
Bradley Murphy,0,2,2
Madison Franklin,3,4,7
Rapido beam,4,1,5
Mary Montoya,6,0,6
Rapido beam trawler,2,1,3
ordinary,4,5,9
Kari Zavala,5,8,13
91a2a8e6-f56f-4663-8be9-0bbfd5440489,5,2,7
40cfcd88-fceb-49bd-a71a-053aacddad42,6,1,7
cb537677-9d82-4d58-8066-899bdc51c4f1,7,0,7
4√¢¬Ä¬â√É¬ó√¢¬Ä¬â15√¢,0,2,2
√¢¬Ä¬â60,1,1,2
diesel,2,2,4
bottom otter trawler,0,2,2
2820033,1,11,12
1559,4,0,4
495035052,1,5,6
25,2,4,6
96,12,16,28
60910422,5,1,6
285351,2,0,2
75399,6,0,6
da91eeb8-11f7-4634-95e7-f9413e9957aa,1,1,2
720,1,1,2
fdcbe098-dbe6-4e52-8bd7-96cf3ae30101,2,0,2
779,0,1,1
2673,1,1,2
6185842,1,0,1
762165,2,2,4
428,0,1,1
4962642,9,16,25
93,16,2,18
Olivia Bailey,5,1,6
96,12,16,28
ffc679cd-57ac-4846-b023-8be73ca754fa,1,6,7
Flodstr√É,0,1,1
700,1,12,13
941899076,9,12,21
520,9,2,11
85,13,0,13
9636,0,6,6
449,0,2,2
√¢¬Ä¬úcarding√¢,2,0,2
Tyler Flores,4,0,4
Michelle,0,3,3
2466,4,0,4
72212757,0,5,5
449820,4,0,4
6406914,2,3,5
Madeline Collins,2,0,2
76609426,3,0,3
Mrs. Jessica Meyer,2,0,2
√¢¬Ä¬úMoreover,1,0,1
Darren Torres,0,1,1
Brittany Brewer,2,0,2
8651344,2,0,2
Daniel Roberts,1,1,2
85b8a8cf-7f07-4bab-8b44-1d79940aab8d,0,2,2
933754160,2,0,2
Tyler Turner,2,0,2
allAfrica,1,0,1
933c4581-7ecc-4377-995c-7a200fee617b,1,0,1
√Ç¬£9,1,0,1
Melinda Bentley,2,0,2
41713,0,1,1
900338,0,1,1
665912557,1,1,2
1341798,0,1,1
23299,1,0,1
Danielle Perry,3,0,3
Paula King,2,0,2
Laurie Mclaughlin,2,0,2
Melinda Williams,1,0,1
614,0,3,3
802775,1,2,3
5688339,2,0,2
morning√¢¬Ä¬ôs,4,0,4
Anna Thomas MD,2,0,2
Michele Black,1,20,21
3857345,0,2,2
Ms. Brittany Murray,2,0,2
Matthew White,2,0,2
√Ç¬£800,5,1,6
Tonya Key,1,0,1
Sara Waller,2,0,2
99233,2,1,3
Daniel Middleton,4,3,7
813be272-d3de-43c9-90be-ab14231fcf17,1,2,3
√¢¬Ä¬úSay,3,0,3
Stacey Ortiz,9,0,9
Scott Simpson,2,1,3
Loretta Harrington,4,0,4
203,0,3,3
99661834,4,0,4
9838,0,2,2
848165,2,0,2
612,2,1,3
379284134,3,0,3
55394387,3,4,7
Boston,0,5,5
Matthew Pennington,1,19,20
vessel√¢¬Ä¬ôs,1,0,1
water√¢¬Ä¬ôs,2,0,2
950ce1a6-a178-4e3e-9316-91ab7ca88664,1,0,1
Hannah Brown,6,1,7
Bobby Walker,0,2,2
221942,0,2,2
0d1c7ce3-7243-47c0-9280-a3262b52dc0f,1,1,2
634ac4e7-12af-494f-95f5-cd853363525f,0,2,2
945632766,1,0,1
HMS Montrose,4,3,7
80737369,1,6,7
Montrose,2,0,2
112156579,0,2,2
64338295,5,1,6
81,13,7,20
73921,2,0,2
Khundu Ltd. Liability Co,3,0,3
327277616,0,2,2
637608,9,0,9
Benjamin Barton,0,2,2
5337,3,1,4
6980,3,9,12
f85f009e-0fa0-403a-845e-64198883bf34,0,2,2
4562fe84-0188-47fd-8e27-67380da0079c,3,0,3
Stephanie Brown,0,2,2
33118036,1,1,2
88813246,2,0,2
5383294,3,0,3
9238420,0,2,2
70109,0,2,2
underwater,0,3,3
water√¢,2,0,2
Mrs. Katrina Williams,2,0,2
73166320,3,0,3
dbb07e32-a8f4-47d0-ae61-c2e9774e9284,9,3,12
13249468,0,2,2
Aine,3,0,3
Anthony Gomez,3,0,3
Debbie Kelley,0,4,4
77,14,12,26
Eric Hanson,3,0,3
Joshua Haynes,0,1,1
682313,0,4,4
300,0,1,1
Krystal Foster,0,2,2
Roger Smith,3,0,3
37992687,0,2,2
nationalfisherman,2,0,2
intrafish,1,0,1
303934,0,4,4
choicesmagazine,2,0,2
58877070,2,3,5
usa,4,2,6
oceana,4,1,5
Blake Smith,0,3,3
42990314,1,1,2
1338687,0,2,2
507684,2,1,3
ams.usda,3,0,3
1765605,0,1,1
√¢¬Ä¬úinitially√¢,3,0,3
SIMPComplianceGuide,3,0,3
Cutters,2,0,2
√¢¬Ä¬úpoached√¢,0,1,1
Stacy Castillo,2,0,2
34757443,1,4,5
Matthew Mack,0,3,3
David Wilson,2,0,2
f205ff1a-8798-48b7-b535-ad87b9756220,7,1,8
1a2ebb93-1c85-4f40-abb1-cff639788678,1,1,2
√¢¬Ä¬úAccept All√¢,2,1,3
krxd,2,0,2
Zachary Blackburn,1,1,2
operated vehicle,2,0,2
James Berry,2,0,2
Robert Goodman,0,1,1
Snow Crab,1,0,1
Mary Durham,0,3,3
Anna Kelly,0,1,1
Clifford Sherman,1,0,1
Carol Wade,2,0,2
1576352,8,0,8
59600,0,2,2
Greenwich,1,0,1
HMS Medway,2,0,2
1dfb2440-85dc-4f0c-914f-e18498e6cd1b,3,2,5
Makayla Anderson,3,3,6
92a375a3-0c31-494e-9a56-eeabe3750d90,2,0,2
Kevin Moreno,2,0,2
34285153,0,2,2
Talley√¢¬Ä¬ôs,5,2,7
Brittany Ryan,2,0,2
Dana Knapp,6,0,6
Jeanette Kim,1,0,1
95743666,0,1,1
86117,3,0,3
94361818,6,1,7
40974,1,3,4
Diao yu bi sai Tidal BV Export,0,2,2
Patricia Flores,2,0,2
74505,0,2,2
Joshua Roberts,1,1,2
Denise Moore,2,0,2
√¢¬Ä¬úseamount√¢,2,0,2
Lisa Castaneda,2,0,2
Christina Abbott,0,2,2
4657860,1,1,2
519443204,0,2,2
3394552,1,1,2
618,1,0,1
Brittany Kane,0,2,2
Mars√¢,1,1,2
bd16ff21-2da0-4ad7-8aec-d04a28b61277,3,0,3
past year√¢¬Ä¬ôs,2,1,3
whales,0,3,3
Michelle Campbell,1,0,1
39995740,1,2,3
Lauren Garner,2,0,2
Zachary Mclean,0,1,1
Anthony Mendez,1,0,1
806,0,2,2
Hubble,0,1,1
event,1,0,1
Launch Lovers√¢,1,1,2
cd2685a2-fce5-49ee-8ca7-b9faa081d190,1,4,5
LC,2,1,3
Spaceflight,0,3,3
93,16,2,18
e95a9547-3611-4e86-adbe-9aa55dbff21f,3,0,3
6107715,1,1,2
2610,1,0,1
HawkEye,0,2,2
Jordan Mcbride,1,1,2
7575,2,0,2
d5cbeea1-73ac-4d86-adeb-b609629b12bf,1,1,2
416dab02-bf67-48af-a99b-c691339dc5e0,0,3,3
25a765f4-b6d0-4588-9a7a-0798de847cfd,1,2,3
0a715a76-de97-4cc3-80a3-4dcbfa740079,2,0,2
Madhya Pradesh Market Pic Transportation,0,2,2
Manned,1,1,2
Aerial,2,0,2
34731154,2,1,3
970786,1,3,4
Christian Ashley,2,5,7
8967466,0,3,3
Benjamin Snyder,2,2,4
b3de0895-285e-4ea8-99bb-ffdc763f7038,2,2,4
a8330af0-375f-4fcb-9171-9628b26b1808,3,0,3
3308429,2,0,2
Adam Cook,1,0,1
Wendy Miller,0,1,1
Abrams MIA2,0,5,5
abb62f7c-234a-46d7-b3bb-8f7b4771618c,1,5,6
Tank,2,3,5
Kelly James,4,2,6
MBTs,6,0,6
418382,2,6,8
16927047,8,3,11
6471708,11,1,12
520673,11,0,11
1252007,0,7,7
6c348030-e9d4-4ddc-8ec8-30ac227c6a14,4,8,12
565431,7,4,11
Lisa Rocha,1,11,12
Danielle Sosa,0,6,6
James Carr,2,1,3
Daniel Burton,3,1,4
Jerry Miller,1,2,3
15758645,0,3,3
Dakota Flores,1,6,7
204,3,4,7
US Special Operations SOF,1,2,3
7490484,4,2,6
Kari Padilla,3,1,4
Angela Navarro,1,5,6
√¢¬Ä¬úaccelerate,4,2,6
327979,4,4,8
414,8,2,10
28422,10,1,11
428949,0,6,6
838200939,4,3,7
√¢¬Ä¬úbosses√¢,3,1,4
Levi Jones,4,1,5
Adriana Rhodes,4,0,4
Kevin Moore,1,4,5
Debra Davis,2,0,2
Jennifer Washington,0,3,3
Peter Bush,1,1,2
61,1,1,2
908,1,1,2
2278,4,0,4
3731,3,0,3
Sabrina Merritt,1,3,4
Justin Fowler,1,0,1
120,3,0,3
2422788,1,1,2
MCDP,3,0,3
c97073d1-61a4-4a06-a189-8b4642a699e1,2,1,3
66,1,2,3
65872b93-db53-4445-a72e-8f84b3d7edfc,0,2,2
today√¢¬Ä¬ôs,1,3,4
268393514,1,2,3
55242,2,1,3
637,3,0,3
Maria Horton,1,1,2
Maurice Figueroa,3,0,3
Ships,2,4,6
9697,2,0,2
620019,0,3,3
45361487,1,1,2
408603,1,0,1
Vehicle Land,1,3,4
Heather King,0,2,2
Billy Robinson,1,1,2
Austin Miller,2,0,2
369,2,7,9
6204,4,1,5
96c31987-d50d-4680-9397-2a9d0e3946e1,0,2,2
sailboat Freeport,3,0,3
c0ea9f29-9987-490f-bc96-d2a5718c1636,0,1,1
949,1,0,1
Perch,1,0,1
576618,3,2,5
82357,0,2,2
Ariel Thornton,0,2,2
driftnets,2,0,2
500633954,1,1,2
62343,3,0,3
688224,2,0,2
George Vance,1,2,3
Jason Fleming,0,2,2
√¢¬Ä¬údimersal√¢,1,1,2
c600d751-cc48-4e8e-800e-63ec87a4239f,2,0,2
Cynthia Huff,0,2,2
Angela Lee,1,1,2
78ec7fd4-82e0-4725-815d-50be0ccee955,2,0,2
Craft√¢¬Ä¬ìLaw,2,3,5
Ocean Patrol,1,1,2
ARA Bouchard,2,0,2
Richard Douglas,1,2,3
Patricia Reyes,0,1,1
Kristin Dawson,1,1,2
√¢¬Ä¬òAwacha√¢,2,0,2
Brandon Hughes,1,0,1
√¢¬Ä¬úSaiko√¢,1,1,2
Bethany Lopez,2,0,2
electric,3,4,7
wheeler,1,1,2
570683,2,0,2
4532329,0,2,2
98631,2,0,2
2658,2,1,3
5698,0,2,2
3342,1,1,2
354,2,0,2
945,1,1,2
Months,2,0,2
Tamil Nadu Ltd. Liability Co Express,2,3,5
√¢¬Ä¬úElqui√¢,3,0,3
738338ba-deef-4364-bedf-707a8cbf9a55,1,1,2
Monica Ramirez,2,2,4
280094,0,3,3
40676,0,2,2
Tracie Price,2,2,4
David Limited Liability Company,3,0,3
1998,1,2,3
669,0,2,2
Elizabeth Anderson,4,0,4
903574229,3,0,3
Kenneth Cain,2,1,3
Carla Perkins,1,1,2
Lindsey Conway,1,0,1
95064,5,1,6
Ryan Perez,3,2,5
dd3f2822-2964-4d18-92c2-7a6db4b4a9e5,4,0,4
6567453,4,0,4
47261702,3,0,3
730397695,0,3,3
4086,2,0,2
Wartsila,1,0,1
373a8a11-c7a0-4e9b-8397-9d824974259a,0,2,2
a0ea93dc-6767-4682-b424-21b5a24ea24b,2,0,2
bulker,1,1,2
Kariba Dam  Corporation Nautical,6,3,9
Benton Ltd. Liability Co,30,20,50
ninety,11,5,16
90,26,20,46
822596165,2,9,11
5421,7,12,19
Pez Dorado BV Logistics,5,7,12
019d89a8-36be-4402-bf3c-d13cb982cf3f,3,6,9
6f59e8d7-8f5d-4a7d-a3a4-50ddcb7ad9ad,1,7,8
Traci Shields,1,4,5
Daniel Henderson,0,6,6
Joseph Smith,2,2,4
Dr. Gregory Rice,2,2,4
Breanna Welch DDS,1,1,2
Jared Martinez,1,1,2
Darin Torres,0,2,2
Tracy Rogers,0,2,2
Kevin Morris,1,1,2
The Salty Pearl River S.p.A. Export,9,8,17
3051e013-9e40-44cc-98e5-740e3238daaa,3,5,8
9237588,3,2,5
cdc89aad-5d8c-48bf-b155-81d2a932782b,0,5,5
William Murray,2,3,5
af9758b0-e4f9-4e08-8dd9-09abc903e4b5,1,2,3
4183208,2,0,2
Punjab Market Marine sanctuary ship,2,1,3
Robert Edwards,7,0,7
322202416,0,2,2
5025f249-0b3c-4741-a7aa-090d93395acf,1,0,1
969368807,1,2,3
80276549,3,0,3
89,0,2,2
35282,1,1,2
813,3,2,5
62,0,1,1
44326992,1,0,1
1416a29d-3719-45d6-95a8-782c4e281908,2,0,2
Hunt,0,2,2
0efa50f3-533d-4775-94fa-54cd1c480587,0,4,4
fd6c1e03-d6f4-421e-a493-cdc56ae000b5,1,3,4
869422192,2,1,3
542341,0,14,14
93252,7,2,9
4627,2,1,3
1719,0,2,2
Jennifer Parsons,4,1,5
8876768,0,4,4
444,4,0,4
Denise Vance,0,4,4
Zachary Perez,0,6,6
Craig Santiago,1,1,2
6460,2,0,2
64778548,0,1,1
493641959,1,1,2
8980454,3,1,4
Jessica Costa,3,0,3
Erica Hamilton,17,19,36
Sandra Martinez,9,8,17
Austin Welch,6,3,9
6659,1,3,4
464454263,13,5,18
Shipping Corp,6,0,6
534,0,6,6
4942,5,7,12
884332,0,7,7
982519647,3,6,9
1354,6,8,14
923825740,4,4,8
5865,4,0,4
Malawi Rift  Holdings Navigation,0,3,3
Baha de Coral OJSC Marine,1,3,4
Navigation Corp,2,2,4
Triton Navigation Corp,6,1,7
Pontus Navigation Corp,5,1,6
John Jensen,0,2,2
Michael Frederick,3,0,3
401289940,0,3,3
54726,0,2,2
52193,8,7,15
Laura Joseph,3,6,9
697844686,1,1,2
1555,0,2,2
3669166,1,1,2
483398,2,0,2
111274e2-c155-4640-9a8e-f506f3fbca06,0,3,3
7657424,2,6,8
2234557,0,3,3
7125,0,3,3
Jorge Davidson,2,0,2
Ruben Fowler,5,6,11
John Riley,1,0,1
256659459,2,0,2
2357762,2,2,4
Andrew Graves,0,2,2
Mathew Taylor,3,6,9
aac2c35c-d06d-45df-a1f8-a0c4001f3897,2,0,2
√¢¬Ä¬úHSI√¢,1,2,3
√¢¬Ä¬úNYPD√¢,3,1,4
Daniel Obrien,5,0,5
Jeffrey Hall,2,1,3
√¢¬Ä¬úbe,0,2,2
8bdf21e8-914b-4fe2-9280-0a69b9b0175d,6,0,6
18 wheelers,2,0,2
Michael Vazquez,2,0,2
Sara Fleming,4,6,10
1625166,2,4,6
a325b223-5017-42a8-8eb1-ed7e1a3bbd5b,1,1,2
49101570,1,1,2
Robert Garcia,2,0,2
6b19fec0-f5d4-4d31-b461-fef270debb3e,2,1,3
Brett Lopez,3,0,3
42978392,0,1,1
62d39460-2980-4835-91ea-47073f724d3b,2,0,2
74390fc5-8dc6-4511-a0a8-bc360409b805,0,1,1
Heather Porter,5,0,5
Kevin Liu,0,2,2
Katrina Nguyen,3,0,3
0fab17df-2c08-46b6-8ce9-b13b3a60ff3d,2,0,2
James Horton,4,2,6
Brian Hansen,3,0,3
Rajasthan GmbH & Co. KG,4,13,17
858,13,8,21
Rebecca Caldwell,0,7,7
Alyssa Gonzalez,5,1,6
Michelle Jackson,2,0,2
27d0dfe7-186c-4016-8f47-40c71e30f48a,1,0,1
871,2,3,5
James Scott,3,2,5
Krista Harris,4,1,5
√¢¬Ä¬úeverything,5,0,5
76030,0,1,1
William Gray,3,3,6
containers,1,4,5
9098,2,1,3
Michael Reed,2,0,2
17592,2,4,6
5d1f2e9c-f74a-41e9-974f-9b4e57edc9d7,1,3,4
Katherine Chavez,2,0,2
Nutica del Sol AG,3,1,4
Stephen Marks,3,0,3
8b8c532f-0ca0-44cc-898c-1d776f2f457a,0,4,4
James Stewart,2,1,3
1968776,2,1,3
288971672,3,0,3
Anthony Larson,0,2,2
845,4,0,4
382825160,2,1,3
Laura Hughes,2,0,2
Amanda Dean,2,0,2
Debra Hall,0,3,3
Kelsey Tucker,4,0,4
460859346,5,12,17
2793,2,0,2
Martin Bell,1,0,1
Michelle Long,0,1,1
√¢¬Ä¬úlaughable√¢,0,2,2
8325,0,3,3
437212,2,0,2
299,7,1,8
Jennifer Barber,1,2,3
Ryan Hudson,1,2,3
James Calhoun,2,17,19
Harold Strickland,2,23,25
John Hall,7,17,24
Christine Maxwell,3,10,13
Ashley Lewis,4,9,13
Sandra Bullock,9,21,30
82f2f404-439a-4b2e-b423-726a7f933abf,6,8,14
298930,8,5,13
Mark Garcia,15,13,28
f59ca3ce-7fea-4a6b-893b-486565a8ab18,11,3,14
√¢¬Ä¬útoppy√¢,15,1,16
√¢¬Ä¬ústag√¢,16,0,16
Samuel Dunn,10,24,34
John Avila,3,0,3
2362,0,1,1
William Palmer,2,1,3
7311cf88-bac1-4ac9-a0d2-c55c02497944,0,3,3
9979944,1,11,12
4396031,2,1,3
Simien Mountains  Company Delivery,1,3,4
519852438,0,4,4
√¢¬Ä¬úlegitimate√¢,1,3,4
William Kim,2,1,3
Jeffrey Strong,0,3,3
Susan Williams,1,1,2
Margaret Miller,3,2,5
Angela Chang,12,4,16
Daniel Chang,3,4,7
Victoria Gonzalez,2,10,12
Jennifer Johnson,3,10,13
Jeffrey Mills,4,8,12
Jason Brown,5,7,12
Jeff Sullivan,7,3,10
6828,6,3,9
Mr. Eric Logan,11,4,15
William Phillips,12,1,13
Heather Holmes,13,0,13
Elizabeth Jones,3,1,4
Christian Quinn,3,0,3
√¢¬Ä¬úHis,3,2,5
432526990,4,0,4
Kathryn Gomez,0,4,4
Stephanie Wiley,5,10,15
Lisa Ward,0,14,14
William Fernandez,2,16,18
Ryan Lewis,9,0,9
Christina Chavez,8,1,9
Jessica Figueroa DDS,12,0,12
Rebecca Taylor,1,1,2
463,1,4,5
762,4,0,4
√¢¬Ä¬úbelieve,3,0,3
Dr. Daniel Massey,2,1,3
√¢¬Ä¬úWhat√¢¬Ä¬ôs,3,0,3
Brooke Hamilton,4,0,4
Mrs. Katherine Clark,0,4,4
Kathleen Benitez,2,1,3
Easterlings√¢,2,2,4
Seth Peters,3,0,3
Kevin Butler,1,1,2
8851578d-3dd7-4430-8f73-b95305eb1f03,1,1,2
82379,4,4,8
Daniel Pruitt,1,7,8
bc583d11-794a-4a83-abc8-3daa208e1262,0,4,4
Andrew Torres,2,0,2
8634589,0,4,4
7260903,1,0,1
a2ac0390-407f-4a94-bc19-6d58d36ea69a,2,2,4
su y CJSC Canal,10,5,15
9b5a90cf-e801-46a8-bd50-879ab3862c67,0,2,2
6548672,1,1,2
Cheryl Conway,2,0,2
3896,4,16,20
76b8e150-91b4-494d-8ef6-6af706b397eb,0,2,2
Lauren Smith,3,0,3
Darrell Lopez,3,0,3
James Valencia,0,1,1
798,0,1,1
cc3c9a3e-9226-43e0-9c2e-2cabec77b0fc,1,1,2
Barry Harris,0,2,2
Philip Murphy,2,0,2
April Perry,3,2,5
245484,6,0,6
61679,0,4,4
1983793,1,2,3
73db3de8-b968-40da-875c-7e57c678aa36,3,1,4
800578,0,2,2
254340176,2,0,2
Attorneys√¢,0,1,1
4332001,0,1,1
9345,1,13,14
Eric Rogers,1,0,1
402,0,1,1
Jon White,5,4,9
Emily Kennedy,3,0,3
b1a0ee2a-0e6d-48c2-b639-032e4648fa5c,11,7,18
Sean Wilson,0,1,1
Kevin Burnett,4,1,5
218148,0,1,1
Rebecca Walker,2,0,2
decfc924-5bdc-4fba-8bbd-bb57d8d478d9,0,2,2
Amanda Scott,1,1,2
22 Raptor,5,0,5
Estrella del Mar Inc Merchants,0,1,1
Gerald Washington,3,1,4
Jessica Kelly,3,0,3
60017,4,0,4
Annette Barrett,1,3,4
√¢¬Ä¬úknow,2,2,4
0c0ae060-2543-4d7e-bed0-e7fab24ba6a5,5,0,5
Olivia Garner,0,2,2
Scott Johnson,0,2,2
Melissa Bates,1,0,1
Carlos Rose,0,2,2
a03df7da-c2cf-476d-a6ea-95c422969df2,1,3,4
Amber Green,0,2,2
Rodney Compton,2,0,2
381051499,2,0,2
110727,1,3,4
su y Worldwide Shark,1,0,1
4205,0,2,2
Mary Clements,4,1,5
789040,0,2,2
16306,2,3,5
Sylvia Johnson,1,0,1
Charles Fitzgerald,5,1,6
6eda4eb1-cdb8-4d61-8c72-fae33deb91a7,2,7,9
Covid,1,2,3
5fddadd0-71e7-4bdf-a471-daddd5f376b8,0,4,4
7ed038cd-64da-492f-a338-5c4636b91a2b,1,2,3
80774,2,0,2
4b0f0611-34ce-4733-81af-391943e272c0,0,4,4
Seth Kelley,8,9,17
√¢¬Ä¬úFrontline√¢,3,0,3
71084,0,1,1
Wanda Collins,1,0,1
Miguel Harrison,2,0,2
√¢¬Ä¬ù√¢¬Ä¬ØThe,2,0,2
24e1e725-9a8e-489c-bbdd-0ce140fd6e3b,0,3,3
Zachary Sellers,4,0,4
357987c8-3ecb-4e38-9f10-857007f2cd3b,1,2,3
8350379,1,0,1
Keith Compton,2,0,2
04943c53-b4ac-4048-8d86-bced4138d7c6,0,1,1
59022,2,0,2
1039,10,1,11
Tyler Anderson,6,0,6
32,0,2,2
6242224,11,7,18
88295922,0,2,2
7830,1,1,2
e42f2b19-60d8-4df2-bb01-d2b42d134a26,3,0,3
Paul Johnson,1,3,4
6d0e9c69-47a0-497e-b26e-28755c949385,0,2,2
54055,0,3,3
Brett Blair,0,5,5
b840c9bf-2a5b-416c-91d9-1ecdd96425ab,4,0,4
4eddaaa4-6306-467e-a7f4-27a58559e535,3,0,3
ea6a6547-c93b-4f17-b037-200fa894289c,1,1,2
57c81b3c-882b-4824-91a0-7114be0fa5c7,0,2,2
Survivors√¢,1,1,2
Task Force,2,0,2
8541598,6,8,14
828063,1,7,8
5362,0,5,5
Dr. Christina Jensen DDS,1,0,1
d025bbec-393d-4f51-94b3-01b77280ef31,4,0,4
5276019,5,0,5
5e6b70db-a04a-4440-8991-3a92b5c4ac4d,4,0,4
Tshikele Ltd. Liability Co,2,1,3
df76b4cf-1019-4768-93cd-27122ef3bacc,2,0,2
111856,0,2,2
88b35c10-45ae-4ded-ae4a-6cad038cfd91,0,3,3
553828215,1,2,3
663,2,0,2
Lindsey Barr,2,0,2
Filkins√¢,1,0,1
90be60b1-61d8-4115-b133-e4c8e09383eb,0,6,6
81211950,1,4,5
52134252,3,0,3
679399,4,0,4
3436524,5,0,5
67716449,2,0,2
e2844e89-d2d8-428d-8284-a0f2d9450a14,0,5,5
4406,0,2,2
ed114149-9468-41b4-adda-343883e79e04,0,2,2
7682,1,2,3
d6dbac2d-ba76-4503-be09-e0444b936bd0,2,0,2
43223,1,3,4
765078,0,2,2
172279392,1,1,2
Diane Hughes,4,0,4
7f3d323d-54e3-49f8-9c28-7aa5cb4c7248,1,1,2
Jason Hughes,1,3,4
858773,3,1,4
Amanda Rogers,4,0,4
4852,0,3,3
electric cars,2,0,2
past years,2,0,2
33,1,0,1
14f1538d-29ed-43f4-ac8f-7a6ce01b9c00,0,1,1
2e579f6f-eca3-498d-a523-b1da1e85a5cf,1,0,1
06c85abe-f160-4a9f-bfb2-d58099a6be80,3,3,6
Goliath√¢,2,0,2
Joseph Hawkins,1,2,3
b8649055-5b40-43e1-ba33-93182cf978d4,2,0,2
Linda Jones,0,2,2
est√É,1,1,2
ma√É¬±ana as√É,2,0,2
Caleb Webster,2,0,2
739622,0,4,4
7675191,1,5,6
4356,8,9,17
weeks 55,7,0,7
Meghan Johnson,0,10,10
Cody Baird,0,1,1
Mark Norton,0,2,2
Michael Johnson,2,0,2
233,1,1,2
Dutch Herring Inc Transportation,2,0,2
8453714,3,0,3
60-day,0,3,3
29167335,3,0,3
73,1,2,3
b5856109-c5a0-43a6-8c70-ebfe73cc24f1,3,0,3
092836e4-7218-4d3d-85da-9df420356be7,0,2,2
3590dd7e-a6cd-416d-9b42-68f692ad83ee,2,0,2
Luis Jones,9,6,15
17232,11,2,13
6070651,2,11,13
c01c6a10-60c9-4f11-9409-aa04c3963826,30,36,66
156,6,15,21
1eb512b7-c4ce-4b7e-9965-2236bf1afc9e,6,8,14
Timothy Benjamin,0,4,4
51,11,2,13
Anna Ortiz,3,1,4
f810c631-9f7d-4219-ade0-b44c4c9abf62,4,2,6
William Rivera,1,1,2
Liibaan General Trading Co,1,1,2
Christopher Garrett,1,0,1
206e3508-bbef-4473-906a-88e3f17c57ae,1,10,11
db83c37f-86e4-4694-a81c-ede2a01aef71,2,8,10
626,14,14,28
Matthew Fletcher,9,0,9
Daniel Mcclain,11,1,12
962534403,9,1,10
Michele Taylor,10,0,10
Michael Andrews,5,4,9
Lisa Gomez,4,0,4
431,5,0,5
Brenda Andrews,2,2,4
ee077c79-cc7b-4ac7-8c0b-d48f50538f61,1,0,1
Mark Hernandez PhD,8,12,20
RPG,2,4,6
Sarah Garcia,2,6,8
Jessica James,3,5,8
26794528-86a5-4b5e-802f-50c3f226c66b,4,2,6
5700,1,3,4
93380783,3,2,5
3129,11,1,12
Jesse Thompson,1,0,1
1bf22b98-519c-4131-8bb4-53ecdd193100,1,1,2
8503254,4,3,7
c18d0197-c30e-421f-bae3-2f8fa1e9159a,2,5,7
Evelyn Pacheco,0,2,2
Brianna Gregory,2,0,2
914,0,2,2
Brooke Collins,0,2,2
Refugee Benefits√¢,1,5,6
Lori Weeks,5,0,5
518323906,1,4,5
Karen Burns,2,0,2
Randall Newman,0,2,2
f656719b-783e-452b-801f-f60895068b23,2,27,29
Scott Edwards,2,0,2
√¢¬Ä¬úPerla√¢,0,1,1
√¢¬Ä¬úEmanuel√¢¬Ä¬ù√¢¬Ä¬ìif,1,0,1
Gina Armstrong DDS,0,4,4
√¢¬Ä¬úRestrain√¢,2,1,3
Walter Graham,3,0,3
Ryan Jones,1,3,4
Gabrielle Wade,1,0,1
Patrick Cannon,5,2,7
Jeanne Mills,0,2,2
√¢¬Ä¬úExploitation√¢,2,1,3
Austin Simpson,6,12,18
Sarah Hays,2,3,5
Richard Fleming,0,2,2
Melissa Gomez,1,1,2
Daniel Frank,3,0,3
5890393d-3bb2-4f08-a460-4aa025e28de0,4,0,4
b1d6e468-f3c5-45f3-90a2-e76b2f329b2d,0,20,20
Feb,5,10,15
164,2,1,3
√¢¬Ä¬údirect,2,0,2
√¢¬Ä¬òdirectly√¢,2,1,3
√¢¬Ä¬úcriminally,2,1,3
Terry Mcknight,3,0,3
David Nielsen,2,0,2
John Obrien,2,0,2
Michael Hansen,2,0,2
Grace Perez,4,4,8
Travis Rivera,5,3,8
Larry Morrow,0,2,2
Tammy Martin,3,1,4
773,0,3,3
wgbh,3,0,3
436460757,2,14,16
93865,4,0,4
brianbushard,1,0,1
siladityaray,0,1,1
82517,0,1,1
Robert Shaffer,5,0,5
Jim Sims,0,1,1
Laura Patterson,0,3,3
√¢¬Ä¬òPerla√¢,2,0,2
Gary Palmer,2,0,2
7674777,0,3,3
Jeremy Woodard,4,1,5
8302,0,1,1
45620,0,1,1
Jammu & Kashmir ship,0,1,1
6352,0,1,1
Paul Wiley,4,0,4
Miranda Long,5,0,5
Michelle Kelley,4,2,6
Marvin Everett,5,0,5
Matthew Sutton,2,0,2
912077,1,5,6
Brandon Thomas,3,0,3
Mexico√¢¬Ä¬ô√¢,3,0,3
Joseph Williams,3,0,3
176,0,2,2
Scott Anderson,4,0,4
Danielle Jensen,0,5,5
Brian Brown,2,0,2
√¢¬Ä¬òenticed√¢,5,0,5
8814,11,4,15
139,0,4,4
25851337,10,1,11
36506,7,0,7
150486480,0,7,7
90831,3,0,3
66820,3,3,6
Kristen Martin,3,2,5
da71710a-9b0e-41d8-a9f6-a0b93f1ab772,1,1,2
√ê¬∞√ë,0,3,3
√ê≈ì√ê¬∞ √ê¬±√ê≈∏√ë¬Ü√ë,1,2,3
√ê¬£√ê¬∫√ë¬Ä√ê¬∞√ë¬ó√ê≈ì√ê≈æ,2,1,3
Janet Floyd,3,0,3
Richard Anderson,0,2,2
√¢¬Ä¬úCompromise√¢,2,0,2
√¢¬Ä¬òPartners√¢,1,0,1
413760,1,0,1
94047,0,2,2
49525439,2,0,2
Angela Hernandez,3,7,10
Randy Logan,5,3,8
Elizabeth Martin,6,2,8
√¢¬Ä¬útheoriginaldragoncove√¢,10,1,11
Aaron Bennett,5,2,7
Kathleen Rowe,3,0,3
Patrick Torres,3,11,14
Scott Jones,1,1,2
5fd0447e-d890-4f62-a411-5fc17c47b969,1,3,4
Scott Villa,3,1,4
Connor Ray,4,0,4
23837996,5,1,6
82207154,0,5,5
Brandon Calderon,3,0,3
740111283,3,4,7
3657479,0,2,2
2810009,1,6,7
129461,5,3,8
Congo Rapids  Marine sanctuary GmbH & Co. KG Marine sanctuary,2,2,4
√¢¬Ä¬úoriginaldragoncove√¢,2,1,3
The Defendants√¢,0,2,2
86ac9e66-f9e8-4f2b-ad17-39a52c23288c,2,0,2
7443,0,2,2
5609469a-5721-4c94-92ed-ce7770055960,1,1,2
775841,3,0,3
Tiffany Stephens,0,4,4
Veronica Lowe,0,3,3
√¢¬Ä¬úNino√¢,3,0,3
803490608,1,2,3
f4e17264-3b3c-48a6-86ba-d65622dc2f13,1,2,3
Brent Young,2,0,2
9550,4,0,4
Sierra Henderson,3,1,4
Roger Jordan,2,0,2
Matthew Everett,2,0,2
Richard Adams,2,0,2
Angel Burnett,3,1,4
Jose Smith,4,0,4
Emily Norton,2,0,2
6ffd3349-37f4-48c5-bc9a-1b80e722e939,0,1,1
2745,0,1,1
a7479eba-319a-434f-be06-3b1c0cc928ae,1,0,1
trucking,1,1,2
f383ad5f-7949-495e-8427-556b64decaca,2,0,2
Michelle Aguilar,1,0,1
Danish Lobster Limited Liability Company Brothers,2,0,2
John Hernandez,2,0,2
Texas√¢,3,2,5
Remarkable,1,0,1
46901627,17,16,33
46319064,17,9,26
P√É,0,13,13
82651,0,3,3
2ec12718-97bf-45a6-aff5-2d1b9b11d29a,0,1,1
√¢¬Ä¬úcommission√¢,2,0,2
Samantha Jackson,2,0,2
Chelsey Woodard,0,3,3
Nichole West,4,3,7
Michael Alvarez,0,6,6
Brian Marsh,3,0,3
Timothy Hampton,0,1,1
5007554,15,1,16
72630,0,4,4
9411155,2,0,2
Richard Smith,1,1,2
Jennifer Rivera,3,0,3
2912063,0,3,3
Elizabeth Shah,2,0,2
Gregory Williams,2,0,2
William Daniel,2,0,2
Terry Conley,3,0,3
Jeremy Jarvis,1,1,2
Ashley Johnson,1,2,3
Greek Sea Bream and Son's,0,5,5
558,6,1,7
Shane Hahn,2,2,4
√¢¬Ä¬úundeniable√¢,3,1,4
√¢¬Ä¬úrequested,4,0,4
Jeffrey Reed,1,0,1
55674,8,9,17
√¢¬Ä¬úinconsistencies√¢,6,1,7
Timothy Austin,1,3,4
17353795,0,2,2
540613204,4,0,4
Matthew Flores,1,3,4
√¢¬Ä¬úadjusting√¢,3,1,4
Tammy Garcia,3,0,3
Jamie Robinson,6,10,16
352,0,2,2
James Knight,1,0,1
662290,4,2,6
In month,0,1,1
Lachlan Enterprises Coral Reef,1,5,6
√¢¬Ä¬úDesbloqueio p√É,4,1,5
Brian Dennis,5,0,5
Frederick Kent,3,0,3
Candice Brown,2,0,2
√¢¬Ä¬úKiko√¢,2,0,2
309535101,3,0,3
Nicholas Nguyen,0,2,2
Vincent Cummings,0,1,1
Tiffany Leonard,3,0,3
tio MPF√¢¬Ä¬ôs Special Action Group Combat Organized Crime,1,2,3
51354617,1,2,3
109071721,0,1,1
869882172,2,0,2
296837,0,2,2
Laura Williams,0,1,1
Sean George,2,6,8
Exporta√É,1,3,4
Par√É¬°√¢¬Ä¬ôs,2,0,2
Douglas Gordon,1,3,4
James Thomas,0,2,2
Kristi Miller,3,0,3
√¢¬Ä¬úillegal√¢,0,1,1
Gambia River  GmbH & Co. KG and,1,4,5
400,0,1,1
2430986,0,2,2
996592,3,0,3
92533,0,1,1
Olas del Sur Inc,3,12,15
5508215,6,9,15
327572963,3,0,3
438,3,1,4
Hardwoods√¢,2,0,2
John Brown,6,5,11
SeaSelect Foods Corp Dry dock,1,1,2
Michael Flores,1,0,1
Thomas Ramsey,0,1,1
Merida√¢¬Ä¬ô√¢,1,0,1
merida√¢,8,0,8
8251198,5,0,5
7914,3,0,3
Deborah Bell,4,0,4
Jonathan Coleman,2,2,4
Luis Rogers,3,2,5
√¢¬Ä¬úBandera√¢,6,0,6
√¢¬Ä¬úPadre,6,0,6
8269,1,3,4
Vanessa Chandler,3,2,5
64545,0,3,3
151159036,2,1,3
3383,0,3,3
Menards√¢,2,0,2
Jason Garcia,0,2,2
Melissa Gonzalez,0,2,2
Pregolya Delivery Cruise ship,0,1,1
√Ç¬£103,2,0,2
√Ç¬£10,2,0,2
f64e747e-13de-4628-b939-92a8ff4eb03f,3,0,3
Rachel Arnold,2,0,2
√¢¬Ä¬útiger√¢,0,2,2
Sharon Williams,1,1,2
Donald Thomas,3,0,3
Rebecca Anderson,0,2,2
3328058,2,0,2
Julie Callahan,1,0,1
Nathan Murray,1,1,2
Thomas Johnson,1,1,2
176729,0,2,2
958644,1,1,2
Jonathan Moody,3,0,3
Kaitlyn Walsh,0,1,1
Alison Nash,1,0,1
Miranda Smith,1,2,3
√¢¬Ä¬úmining√¢,2,1,3
Jennifer Wilson MD,1,0,1
6338,2,1,3
0d6a2f35-fccd-4cbf-865e-3ed08abb6a95,2,4,6
c40a73e5-c1dd-4b85-ac1c-2e6a51546aa7,2,1,3
3641,3,0,3
200,0,2,2
Nicholas Torres,1,1,2
75360,2,0,2
7a58f899-3e43-4b94-a64b-d5ab31a6055b,3,0,3
76104890,0,4,4
68ac10aa-80a3-4b3c-99e5-f5708715ab2c,4,0,4
Christopher Benitez,1,1,2
√¢¬Ä¬òThis,1,2,3
√¢¬Ä¬òSo,4,0,4
Pit√¢,1,1,2
John Martin,2,1,3
Christopher Fields,1,1,2
David Romero,0,2,2
a691bc0a-cfdc-4b2a-a38e-efcd2799ecd1,0,3,3
28138,2,1,3
√¢¬Ä¬úsnitch,3,0,3
3868221,2,0,2
79521144,11,9,20
Eugene Martin,1,1,2
Emma Jones,4,0,4
√¢¬Ä¬úbroker√¢,1,2,3
Cassandra Stanley,2,2,4
198,0,4,4
9768,3,0,3
Tyler Jones,1,1,2
motor,2,0,2
11353,1,3,4
353257,1,3,4
31368,5,2,7
Colton Olson,1,1,2
Tamara Tyler,0,4,4
Henry Lambert,6,0,6
Elizabeth Armstrong,0,3,3
Melissa Brock,1,2,3
51470600,0,1,1
719,0,7,7
Sudd Swamp  Wave AS Freight ,3,3,6
74026296,0,3,3
374585759,9,1,10
59662085,7,1,8
7423,2,2,4
68273,4,6,10
649,0,3,3
Donna Green,0,3,3
Dean Reyes,1,0,1
96049794,0,3,3
truck,0,4,4
d6d0741c-39d9-4b94-8b39-b5d2ad1669b9,0,5,5
291669,1,2,3
Thomas Watkins,0,2,2
Ancla del Mar Kga,2,0,2
Joshua Park,0,2,2
Sergio Ross,3,1,4
Platts√¢,3,1,4
Patricia Hunter,3,2,5
Deepwater Horizon,5,1,6
455617,0,2,2
Dale Chandler,0,2,2
Marvin Evans,1,1,2
Jack Bell,2,0,2
83241316,3,0,3
940161722,11,1,12
148766,1,2,3
567857349,3,0,3
836,0,2,2
507470,3,3,6
98,14,2,16
12358151,0,8,8
8127,2,2,4
18668050,3,1,4
39033859,4,0,4
62532,0,3,3
649009867,1,1,2
43454,2,1,3
Carmen Mendez,0,2,2
a51f21a5-b410-4000-ada4-086bd2e65cb6,2,0,2
359755772,1,2,3
7577,3,1,4
dffd75ca-7510-403d-a6a0-f904b0c7b41d,0,2,2
61208e37-a326-4cf5-a571-f8bdd6f2dbf7,2,0,2
30 days,2,0,2
9ce492a2-de6e-4231-a018-318fc929908b,0,2,2
ffb63251-ebdc-4346-b3a4-ef1515310806,0,3,3
675d95eb-69b7-4f8a-bd4e-af2cf4def162,1,2,3
54056,2,0,2
√¢¬Ä¬úDuare Ration√¢,0,1,1
Robert Rodriguez,2,0,2
Leslie Williams,2,0,2
da243ebe-ea98-4510-a6a8-add6679f9d1a,2,0,2
Bulk Carrier,2,0,2
b400d237-4d56-4de8-917a-8e7654ccf315,0,1,1
18404231,3,1,4
2eeca6e0-f5a7-4b9d-8b3e-ada56d140e36,0,2,2
Jose Parker,0,2,2
4711730,2,0,2
cd7cb49f-0021-4fe9-a3a9-cc8b3fce0c57,0,2,2
959344,6,0,6
James Limited Liability Company Logistics,1,1,2
951187691,2,0,2
Andrew Harrison,2,0,2
18403617,1,0,1
365,2,0,2
404,0,4,4
569767ed-015f-4cb9-a316-2db45fbf6cf3,0,2,2
9a3fecdc-0696-4b53-979c-8ac021f24910,1,1,2
899ccad6-2380-4e2c-aa57-d7f487964993,2,0,2
Eddie Alexander,0,3,3
David Schwartz,2,0,2
33560,5,0,5
David Santiago,1,0,1
Friday√¢¬Ä¬ôs,3,1,4
Hannah Little,4,0,4
92616021,0,2,2
Scott Dougherty,4,0,4
Juan Mckinney,1,2,3
0223707c-6754-4419-acb2-510377eadd60,1,1,2
d37a5a00-fca1-4753-890c-6975c311dc3f,0,3,3
Michelle Herring,1,0,1
011ad1ae-ae1b-4c74-9f58-c020e6a3e836,11,2,13
Bryan King,1,1,2
6083f325-5f17-4d41-9c22-f188f55ea9f3,3,0,3
c2478e4c-2a8c-4d34-a5d5-fd46c66b5e67,1,2,3
Daniel Vasquez,1,1,2
Kevin Daniel,0,2,2
Lucas Williamson,0,2,2
Daniel Butler,3,0,3
2330,0,2,2
386,2,1,3
d09a6a69-eed5-4057-9f96-dcf4c9cf4d88,3,0,3
Lisa Lewis,0,2,2
3882e922-25e9-446d-8e04-97e8875fceb2,0,1,1
ba790a77-b0f3-4c1f-8d42-3d2bddbc1893,1,0,1
878521,0,2,2
Robert Chang,0,1,1
Manuel Hess,1,1,2
Brandon Stone,1,3,4
Seth Benjamin,1,0,1
Tom Bauer,0,4,4
Leslie Wood,0,3,3
Donna Davis,3,0,3
7810241,1,0,1
34487,1,1,2
83951569,3,0,3
4524860,0,2,2
three-hour,2,0,2
59409,0,2,2
Amanda Jenkins,5,0,5
23,20,60,80
Motor Vessel,7,0,7
24996,0,2,2
90411963,3,0,3
114d2882-b620-4098-bb56-d865bbb85339,2,0,2
Christopher Moore,1,1,2
Sarah Williams,2,9,11
Kenworth 18-wheeler,1,2,3
√¢¬Ä¬úsatisfactory√¢,3,0,3
25777,9,0,9
825,3,0,3
63548588,5,8,13
69007292,1,1,2
David Seabed Inc Consulting,2,0,2
28890617,2,0,2
492220197,3,0,3
662bfccd-798d-4e60-b308-2cb2918e3dd2,3,2,5
14636,1,0,1
Maria Jackson,0,1,1
Deborah Carson,4,0,4
d0842009-cbf1-4df2-adfa-121a82160a05,0,2,2
3105981,2,0,2
449856a6-3b60-46ca-b825-f9499558fa3a,0,4,4
16778128-07fa-46dd-b229-b0c2e2233602,4,1,5
Elizabeth Mccarty,1,0,1
Gregory Bowers,2,0,2
Nicole Marshall,2,0,2
207618139,2,0,2
Gina Knox,0,4,4
3874,2,1,3
Tonya Frazier,2,1,3
80,2,0,2
Charles Duke,0,4,4
Dennis Payne,14,0,14
Ashley Boyer,18,0,18
Darin Taylor,15,0,15
Larry Cisneros,20,0,20
Teresa Hansen,0,7,7
Ethan Walsh,1,4,5
Michael Evans,7,0,7
Alexandra Jackson,0,4,4
Lauren Sanchez,0,4,4
Crystal Hunter,2,4,6
Christopher Berry,4,0,4
James Patterson,6,1,7
Jon Johnson,5,2,7
Andrea White,3,0,3
Emily Smith,0,4,4
Megan Gonzales,0,2,2
Kenneth Warren,0,4,4
Edward Winters,0,9,9
Emily Stevens,0,9,9
Gabrielle Wright,0,8,8
Erika Carter,0,2,2
James Johnson,0,4,4
Brandi Johnson,0,7,7
Storm,0,1,1
91810266,1,0,1
HMS,1,1,2
John Campbell,2,0,2
Diane Forbes,0,2,2
Dawn Robinson,1,1,2
19285,4,11,15
Kimberly Williams,2,0,2
John Murray,2,0,2
Nathaniel Shah,2,0,2
Stephen Peterson,1,0,1
Eric Roman,0,2,2
Playa del Cielo  Marine,1,0,1
99,1,0,1
1f8c20da-5f20-4116-907a-a653089bb8a0,0,2,2
8832615,1,1,2
5199,0,2,2
√¢¬Ä¬úoverwhelmed√¢,3,0,3
14525ad3-213a-406d-8e3e-64213f0be171,2,0,2
Rachel Campbell,3,1,4
Gregory Marsh,2,2,4
Sarah Allen,3,3,6
Brittney Rice,2,1,3
Ashley Long,3,0,3
Jessica Hernandez,2,0,2
419,1,2,3
577a9358-a718-4d90-a90e-88f88c58160d,4,6,10
17de5508-cf65-4e04-9bdd-acba951afe7a,0,3,3
ca87f68d-1df8-4746-a8af-8d810f49e783,1,0,1
33210,0,2,2
88d63621-4f58-4c7e-a02d-589cefb3a6be,0,2,2
Diane Young,1,1,2
Traci Elliott,3,0,3
hi xng BV Carriers,1,1,2
Lucas Adams,0,1,1
Rebecca Jordan,1,0,1
Scott Day,4,2,6
Colin Hunter,3,0,3
b9faf7c4-f237-4112-91bd-71fa0cf8571a,2,1,3
135338,7,0,7
√¢¬Ä¬úStuff,2,1,3
William Lopez,3,0,3
Warren Schwartz,1,2,3
72092,0,4,4
b605391a-2c84-4d59-98f0-d12fd185ec64,2,0,2
Amy Mcclure,2,0,2
Jessica Mullins,2,0,2
Randall Martinez,2,0,2
Vessels,1,2,3
511915273,1,9,10
435,5,0,5
b03a6fc7-507a-4328-9814-57561acb4fc6,5,4,9
71608,5,0,5
Martin Jones,0,2,2
d4b66d04-ad3c-425a-a123-00e589b86a52,2,0,2
95850,0,2,2
Danny Walker,1,1,2
Paul Hoover,3,0,3
45310570,0,2,2
Aaron Cruz,1,1,2
598,0,2,2
928896ee-0c39-4b2c-aee6-910dc225513e,1,1,2
442,2,0,2
18139144-efbe-4540-8e65-fde29def1993,1,2,3
826749274,2,0,2
Michael Wright,4,0,4
753,0,1,1
Chad Ruiz,0,2,2
687878,0,2,2
368951,0,2,2
c0ce6d15-622b-42a3-b892-f5efe5b4d00c,0,2,2
a086a63d-19c7-4241-845a-f82c628d09a2,0,2,2
Brett Lee,3,0,3
Noah Mitchell,4,2,6
037acfda-0d33-4ce8-8907-fe7da3e27dff,1,1,2
Ronnie Gates,1,0,1
√¢¬Ä¬òexemplary√¢,1,0,1
b120bc86-764c-4e2b-9f36-1587f91a20e3,2,0,2
4843b052-8f18-4298-9464-d780feb5ddad,3,0,3
scooter,2,0,2
7cc6a1fe-59b5-491c-8985-bf6d77836092,0,2,2
8084530,1,1,2
ce8495cf-fe04-40b3-aaa2-d0bc29131f92,2,0,2
6071877,0,2,2
93ac5fec-5f52-4431-a3ff-91430a8062f6,1,1,2
422,3,1,4
753589537,0,3,3
Spanish Co & Son's,1,1,2
Matthew Anderson,2,0,2
332bb88e-0a63-41e3-8a27-87795fd552e9,0,2,2
course years,1,0,1
2ade0908-d1c9-45de-9dbb-3dfec75d9317,3,0,3
Portuguese Sardines GmbH & Co. KG Line,0,4,4
Lake Nyasa Ltd. Corporation,2,0,2
Joshua Huang,0,2,2
3740,1,1,2
440,0,1,1
601882545,0,2,2
88651,1,0,1
William Taylor,0,1,1
4294544a-9643-4cfd-97a0-ac656cb17e60,0,1,1
Hannah Ray,2,0,2
c495290e-2de7-487d-a139-f273c4974539,1,1,2
353361057,1,0,1
Amstel Inc,0,4,4
√¢¬Ä¬úHelp√¢,4,0,4
35829746,2,0,2
Charlotte Lopez,0,2,2
Mark Scott,2,0,2
86034444,0,1,1
Nicholas King,2,0,2
James Andrews,2,0,2
Joshua Wright,1,2,3
Mary Harrington,3,1,4
√¢¬Ä¬úsleepy,4,0,4
67745773,0,2,2
214883455,0,2,2
Brett Moss,1,1,2
e69d4cb2-8bec-4496-8518-7426c6b9da65,1,0,1
Kagera River  GmbH & Co. KG Delivery,2,2,4
16,6,8,14
Holly Donaldson,3,0,3
c8026923-944a-4155-b2ec-e160135e0c47,0,2,2
58cf758d-a6f2-48ba-ac0c-89581ae6b4a5,0,1,1
313441257,1,1,2
222079892,4,1,5
2919,2,1,3
Dana Montes,2,1,3
1518,0,3,3
9820523,2,2,4
Bryce Chavez,2,0,2
90c3cb48-8060-4a55-804c-710044d19487,0,3,3
Brittany Rivers,2,0,2
2ed68d75-994e-43dd-b326-a2adfa540562,2,0,2
Michelle Evans,0,2,2
05d471b4-0e8c-4879-80b2-ef600220e09d,1,2,3
James Garcia,1,1,2
Kendra Owens,1,0,1
15,2,0,2
805275,4,3,7
fcef975b-e382-4c81-8160-41bf9e5bf937,2,2,4
√¢¬Ä¬úPublic Loaders,2,0,2
715490,1,1,2
14952,0,3,3
√¢¬Ä¬úEQUIPMENT√¢,4,0,4
353642,1,3,4
Ronald Gray,2,1,3
Debbie Ayala,1,1,2
Terri Rodriguez,0,2,2
6457,2,2,4
6513816,2,2,4
43797101,4,0,4
535955126,6,0,6
8211361,8,0,8
Scania Seafaring SRL Express,1,1,2
Estrella del Sol LLC,1,1,2
73470062,1,1,2
Kenneth Fox,3,0,3
777,1,0,1
√¢¬Ä¬úshabu√¢,4,1,5
Rebecca Coleman,2,0,2
868626239,0,2,2
573756802,2,1,3
Margaret Hodges,0,9,9
7680453,2,0,2
64c45541-e00b-423c-bc7d-238aa3a4d3ad,1,0,1
thirty days,1,0,1
c2d2e029-6f38-4148-9079-15615103cea6,1,2,3
186,2,0,2
Kristin Johnston,2,0,2
√¢¬Ä¬úcrisis√¢,2,0,2
812137,1,1,2
961bafd7-8d2b-405a-9c79-0f5345498cab,2,0,2
5334,0,1,1
35679,1,1,2
Jason Neal,1,0,1
Diana Dawson,0,7,7
Courtney Johnson,8,5,13
613556,0,1,1
353,3,1,4
Aicrowe Biotech Co,0,1,1
0f952ad7-6ecb-472e-8a30-895501a0e8c8,4,1,5
9507963,2,1,3
979294,0,1,1
25222883,0,5,5
Gaosheng Biotechnology Co,2,3,5
d2948905-9121-400b-905f-e449bf8ca35e,6,0,6
AirPods,1,1,2
5246016,2,0,2
64863263,3,1,4
Danish Lobster Ltd. Liability Co,0,5,5
76,0,2,2
vans√¢,2,0,2
36868,0,1,1
3127062,1,1,2
3369,1,1,2
30880,0,2,2
√¢¬Ä¬òDisastrous√¢,2,0,2
Lake Manyara  SRL Brothers,1,0,1
8ce9074f-2904-41ea-896a-5d932e06f54c,1,0,1
3d009ee1-0d95-4516-802f-8a5110bde01e,3,2,5
64667049,2,0,2
1303,3,6,9
dbeb3e02-dc0c-4455-a16b-2d0b9cb2c65a,0,4,4
601e76fd-8517-4269-b976-2743987a49f3,1,2,3
67261634,3,1,4
344,4,0,4
ba0514a3-9c57-4b04-a7c5-89fc0463fdda,1,1,2
60197861,3,1,4
8978,1,1,2
Sharon Townsend,2,0,2
Travis Sparks,0,2,2
Deborah Porter DDS,1,1,2
d4291c4b-873e-4830-b44a-85227fde3ee2,0,2,2
Amanda Clayton,1,1,2
√¢¬Ä¬úshark fin√¢,2,0,2
70720996,0,2,2
95291001,4,0,4
42627990,0,2,2
Mar de Estrellas Oyj Carriers,1,2,3
6d345854-f864-4194-85d2-047e66332dca,1,2,3
Christopher Cunningham,38,44,82
Erica Parks,2,0,2
df26d11f-ed87-4a19-b9e8-18e9783c00f5,1,0,1
2028,7,10,17
bc507d7c-29c9-4b0d-909e-52dd450a25d3,2,0,2
entire 2036,4,1,5
Brenda Cox,2,0,2
Suzanne Reed,6,0,6
Cody Lewis,2,0,2
1263250,2,0,2
Chris Booth,4,0,4
Jul-36,2,0,2
Lisa Henderson,1,0,1
Karen Delgado,0,4,4
13d79d632036,3,0,3
Sep-37,2,0,2
Melissa Norman,2,3,5
Jennifer Andrade,1,0,1
Lori Cummings,3,0,3
2032s,0,2,2
Damon Nelson,3,0,3
Laura Jimenez,1,1,2
687028,8,3,11
Susan Mendoza,5,0,5
Alexis Smith,1,0,1
Laura Smith,2,0,2
Samantha Manning,2,0,2
6ed1a821-e669-41f4-8a02-df4c818ff22e,2,0,2
2038650116,3,0,3
f1e84016-0f09-4907-a777-a6bb02b5f419,2,0,2
e916e286-85e5-4a43-b2ef-89ad5260ebdc,6,0,6
sectors sectors 2033,2,0,2
yearbook2034,4,0,4
2.04E+13,5,0,5
yearbook2036,5,0,5
b8567859-bf54-49fd-8332-5775e19c65af,43,80,123
Jun-36,1,0,1
Hannah Walter,2,0,2
Mar-35,2,0,2
b8f8208c-0388-484e-a700-b4c265170827,6,1,7
1aa47ffc-05a8-4edd-a8e0-94c10b650bd8,4,0,4
Kelly Mccarthy,2,4,6
Frederick Taylor,1,1,2
ec4af8c8-1ff1-4aaa-9431-7697d930b3f4,2,0,2
Ray Howard,2,0,2
2036√¢¬Ä¬ôs,1,0,1
faf.20363,3,0,3
Joshua Landry,1,0,1
Joy Anderson,3,1,4
3eed159b-e98e-4f8a-98c2-c34341435411,0,1,1
3190258,3,0,3
David Frederick,3,0,3
Curtis Grant,0,2,2
4f533d76-17d7-4b95-86b5-106503c99b0c,1,1,2
2030√¢,3,0,3
Lindsay Bennett,1,0,1
e631b105-4953-43e1-8d37-a3ab5dd3d860,2,0,2
f514483d-fb5f-4cb2-bb8d-b616b10336d8,4,0,4
Laura Ballard,1,3,4
165e0fe7-6725-4f4c-abc1-3ef485a939b0,5,0,5
e3431d4d-79df-4da9-b8cb-a4d05a8aa474,1,1,2
39c767d3-a9b4-41f4-8a5d-e14b6c20a2d2,1,1,2
Sarah Sandoval,1,1,2
Raymond Howell,2,2,4
Jason Huff,2,1,3
FishEye International,0,24,24
AquaFresh Foods CJSC -,5,1,6
Ancla Azul Company Solutions,9,13,22
√¢¬Ä¬úpair,3,0,3
Guessl,4,1,5
Federated,5,14,19
FinestSea Ltd. Corporation Enterprises,4,1,5
Icelandic Shrimp Corporation Transport,1,9,10
Lake Mweru A/S Carriers,3,2,5
Playa de la Felicidad Oyj Cargo,2,11,13
l y S.A. de C.V. International,15,3,18
SeaSpray Wave SRL Solutions,185,208,393
Ocean Fisheries Llc,194,208,402
Ancla del Mar Ltd. Corporation,3,0,3
Tamil Nadu S.p.A.,16,6,22
Fisherman'sFriend Charter Boat S.A. de C.V. Freight ,9,4,13
FiTI,2,1,3
Victoria,1,2,3
Master,6,12,18
Faurtil F√É¬°brica Urnas Tiet√É¬™,7,0,7
Turkish Mussels Ltd. Liability Co Marine biology,6,11,17
Mar del Paraso SRL Shipping,4,0,4
New Bedford Light,2,0,2
Sonia Fisheries Pvt,34,75,109
Pesquera,11,0,11
DOF√¢¬Ä¬ôs,23,4,27
Irish Sea Seaside GmbH & Co. KG Distribution,8,30,38
Uttar Pradesh Sp,7,4,11
Estrella de Coral Ltd. Corporation Logistics,20,65,85
Gulf of Guinea  Corporation,3,0,3
Seabreeze Foods Corporation Logistics,3,0,3
√¢¬Ä¬òDo,4,0,4
Dry Creek S.p.A. Overseas,7,2,9
Meere Delpeuch,1,0,1
Kerala Market Limited Liability Company,3,3,6
Pasture Petfoods New Zealand Ltd,13,2,15
Tanzania,2,9,11
Reunion,3,0,3
Ht Shipping,8,18,26
Selena Building,5,1,6
Playa de la Felicidad NV,4,2,6
√¢¬Ä¬úIllegal,10,6,16
IMPORT,2,1,3
Fishing International,4,0,4
√¢¬Ä¬úVirginia,1,0,1
Electronic,2,2,4
Fish Sea,3,1,4
Sea Products,12,7,19
W Appliance,5,2,7
McLean√¢¬Ä¬ôs,5,1,6
American,4,9,13
Finest Ltd. Liability Co United,0,8,8
Ex-Lax,4,0,4
Fishisland,3,0,3
Jammu & Kashmir Limited Liability Company Delivery,4,0,4
he√¢¬Ä¬ôs,2,1,3
√¢¬Ä¬únoncitizen,4,0,4
√¢¬Ä¬úGenev,2,0,2
Oceanfront Oasis Inc Carriers,4,0,4
Qingdao Kaiyuan Seafoods,3,6,9
West Bengal SRL Marine conservation,3,0,3
Platts Oilgram,3,1,4
Kerala Market Corp Consulting,16,1,17
Mar de la Vida OJSC,5,12,17
America,0,3,3
Portuguese Octopus S.p.A. Cargo,4,1,5
Surf and Sand Ltd. Liability Co,1,4,5
West Bengal S.A. de C.V.,8,0,8
Partnership satellite,1,0,1
Seafood,5,10,15
Caribbean,4,16,20
XUAR,7,4,11
Fisheries Inc,3,5,8
Getis-Ord,0,2,2
World Church Power God,3,1,4
Rama Overseas,12,0,12
Estrella de Mar Limited Liability Company Delivery,1,0,1
Bergman√¢¬Ä¬ôs,1,1,2
Conduct Joint,4,0,4
Seabreeze Foods Ltd. Corporation United,6,9,15
Kilimanjaro fishery Ltd. Liability Co Transport,2,2,4
Isa,1,6,7
Barco de Plata Ltd Logistics,3,0,3
Lake Malawi LC Forwading,2,0,2
Water World LLC Express,2,3,5
√¢¬Ä¬úTrials,2,0,2
BP√¢¬Ä¬ôs,1,0,1
FLIP MCGYVER Tradema,2,0,2
Shellfish Chile SA,4,2,6
IPOS0000DOP,6,0,6
Temu√¢¬Ä¬ôs,3,3,6
Firearms Explosives,4,0,4
IAVMs,3,1,4
Cartel Emergent Weaponry Use,4,0,4
Ejintex International,3,2,5
Asia Seafood,3,0,3
Andhra Pradesh  S.A. de C.V.,2,0,2
Atlanto√¢¬Ä¬ìScandian,1,0,1
Trammell√¢¬Ä¬ôs,4,0,4
Moo,3,5,8
Eva,5,11,16
Salles Operation Handroanthus,1,0,1
Blue Water Ventures Ltd. Liability Co,1,1,2
Mar de Cristalino Co,1,2,3
SaltwaterSavor Shipyard LC Merchants,1,0,1
OceanKings Sailor Corp Logistics,4,3,7
Debit Cards Autopay,3,0,3
Mar de la Costa Ges.m.b.H.,2,0,2
√¢¬Ä¬úsuffered,1,1,2
Orient,3,0,3
OceanicHarvest Dry dock N.V. Delivery,2,0,2
it√¢¬Ä¬ôs,3,0,3
Rafael√¢¬Ä¬ôs,3,0,3
Madhya Pradesh Market BV,9,7,16
√¢¬Ä¬úCompliance,1,3,4
Blue Bay,0,2,2
Innovative,2,9,11
Lake Malawi SE Freight ,5,13,18
Caspian Sea  Sea Corporation Freight ,2,1,3
Yu gan BV Investment,2,14,16
Thai Union Seafood,7,1,8
Okavango Delta Seaside Limited Liability Company Logistics,6,7,13
sh rn y Corporation,16,12,28
Ocean Trawlers,1,2,3
Belgian Scallop Limited Liability Company Krill,1,2,3
Sea Harvest,7,9,16
SMILE,7,8,15
Haryana s Co Transit,7,0,7
√¢¬Ä¬¢,3,1,4
DOF√¢¬Ä¬ôs Long Xing,3,1,4
Insung,3,0,3
Chuan gou Company Overseas,2,2,4
Petroleum Vapor Intrusion,2,0,2
Energotrade Plus,5,0,5
Intrepid Navigators,9,2,11
Blue Venturew,17,1,18
The Salty Dog Tidepool Kga Transport,5,5,10
Madhya Pradesh Market Ltd Solutions,1,0,1
Scottish Trout Limited Liability Company Transit,2,0,2
Gen International,1,1,2
MeWe Vimeo,3,0,3
Four,0,1,1
II,0,2,2
Bloomberg,0,1,1
Ntaco,3,1,4
SVB√¢¬Ä¬ôs,0,2,2
United Bankx,3,1,4
Golden Titana,3,4,7
Sea Breezes GmbH & Co. KG Lighthouse,2,2,4
Mar de Plata Corp and Son's,0,2,2
Rs,2,0,2
Irish Sea SRL Brothers,2,0,2
Barco de Plata Plc,1,1,2
Thomas Corp Cargo ship,1,2,3
Blue Lagoon Sailor Limited Liability Company Worldwide,2,2,4
Amorim Flooring,3,1,4
Edward Ferry SE Transportation,1,3,4
√Ç¬£1,1,2,3
Stock SA,0,2,2
Forwading S.A. de C.V.,5,32,37
OceanicOrigin Foods River AG Marine ecology,3,0,3
Ware,7,2,9
Arctic,2,4,6
Niger River Delta Ges.m.b.H. Services,1,1,2
ROBYN BECK,7,0,7
Bay of Bengal's Incorporated,3,0,3
Aqua Ambassadors Limited Liability Company,1,3,4
Sea Luxe Oceanography Kga Transportation,3,2,5
Mongabay√¢¬Ä¬ôs,5,2,7
Fresh Atlantic,1,0,1
Sun√¢¬Ä¬ôs,1,0,1
Costa del Mar S.p.A.,4,0,4
OJSC Ltd. Liability Co,2,0,2
Mount Kenya Estuary Sp Holdings,0,6,6
√¢¬Ä¬úPok√É¬©mon,3,0,3
Ryabikova,2,0,2
√¢¬Ä¬úbracatinga,8,2,10
I6aE01vDFm,3,0,3
Puerta,2,0,2
Next Day,1,1,2
Seaside Sojourns A/S Shipping,1,1,2
Food,0,3,3
Guaranteed Income Program New Parents 2035,2,0,2
Image ArtTower,2,0,2
Nile Crocodile Deep-sea Oyj Brothers,1,0,1
VyoummBnVY,1,0,1
Blue Water Ventures Kga,1,1,2
Bloomberg Law,1,0,1
√¢¬Ä¬úCinder,1,1,2
Kariba Dam  N.V. Brothers,3,1,4
Mitsubishi,4,17,21
Tuna Vietnam,1,1,2
Estrella del Mar Plc,0,2,2
Marine Foods,1,2,3
Agua Transici√É¬≥n Ecol√É¬≥gica,2,0,2
Arunachal Pradesh Sp Marine mist,1,3,4
Chuan gou Corporation Transportation,1,3,4
Nautical Navigators Kga United,1,3,4
3 Ltd. Liability Co,1,1,2
Lf Beauty,0,2,2
Playa de Coral Oyj International,3,0,3
Metro Marinen,2,0,2
Surf and Sea International Tidepool,0,3,3
The Salty Dog CJSC,3,3,6
Paul S.A. de C.V.,0,2,2
Comei&Co,2,1,3
Rickard shrimp,0,2,2
Hudsons Bay,2,2,4
Group Co Marine life,3,0,3
STL,0,1,1
Odisha Sea Dry dock LLC Consultants,1,11,12
USINC,4,0,4
The Ashey,3,2,5
Green,0,4,4
Dark Web Vendor Illegal Narcotics,1,1,2
Heroin Cocaine Exchange Bitcoin,3,0,3
Farmers,0,2,2
FiTI√¢¬Ä¬ôs,1,0,1
Jharkhand s GmbH & Co. KG,1,0,1
Phillips,2,4,6
6 Ray LLC Enterprises,1,3,4
Prod,0,6,6
Pinduoduo√¢¬Ä¬ôs,4,0,4
Aura√¢¬Ä¬ôs,1,3,4
McGovern BBB,2,1,3
Rose,1,1,2
drayage companies,2,0,2
Savaneta Corporation Marine life,0,3,3
Michael Limited Liability Company,0,2,2
Irtysh - Inc Distribution,1,1,2
East,1,1,2
Fresh On Time Seafood,4,5,9
MAT,3,4,7
Faroe Islands Halibut A/S,1,1,2
Teion Internationala,0,2,2
Single Seafood,1,1,2
√¢¬Ä¬úUS,0,3,3
Welding,1,3,4
Basketball,1,2,3
Ocean Packers,0,1,1
Improvised Anti,0,3,3
Orange River  AS Logistics,1,0,1
Ste,0,2,2
French Ltd. Corporation Surfboard,1,1,2
Andhra Pradesh  Investment Dry dock,0,2,2
Uber Connect,1,5,6
Pb Brasil Industries,1,0,1
Deep Sea Atlantic NV,2,1,3
Supreme GmbH & Co. KG Consulting,1,2,3
gu y LC Shipping,0,2,2
Ningbo China Base Landhau Foreign,2,1,3
Estrella del Mar Pic,4,0,4
Artemov√¢¬Ä¬ôs Ava Petroleum,2,0,2
Spanish Red Snapper GmbH Shipping,2,0,2
Officer Pleads Guilty,3,0,3
Bribes Exchange Smuggling Contraband,2,0,2
Sp,0,13,13
Memphis Women,0,2,2
One Hongn,1,2,3
Evergreen,0,4,4
Himachal Pradesh Aquatic Plc Brothers,1,2,3
Lake Tanganyika Sea AS Shipping,0,20,20
Nagaland Sea Ltd. Liability Co &,6,8,14
Estrella de la Costa  Consultants,4,0,4
Kores De Venezuela C A,0,3,3
CP World,1,2,3
Tombow,0,6,6
Gelita Gelatine,2,0,2
Yale,0,1,1
Faroe Islands Plc Investment,0,1,1
East Ltd. Corporation Investment,0,3,3
Logistics,1,1,2
Dispenseroo,0,2,2
80 Percent Arms,2,1,3
CM Nationali,2,0,2
Anthony Sailboat Co Shipping,1,1,2
MV,0,2,2
Costa de Coral Charter Boat Oyj Overseas,0,3,3
Warner,1,1,2
Alpha Brokersa,1,3,4
Viktor√¢¬Ä¬ôs,3,1,4
Sea Seekers Merchants Cruise ship,1,4,5
NFTs,0,2,2
Cargo Systemsi,0,2,2
Ocano del Este Corp Freight ,0,2,2
Ronald,0,1,1
C Express,2,0,2
Znamensk Eel LLC United,3,8,11
Sisdof/Sinaflor,1,4,5
Spanish Shrimp Sp Brothers,0,12,12
Tajima Industrues Ltd,1,1,2
Zerza√¢¬Ä¬ôs,3,4,7
Ind√É¬∫stria Madeireira Uliana,0,1,1
Sms,0,1,1
Semas 260 Rural,0,3,3
Dolphin Dreams S.A. de C.V. Seafood,0,2,2
All,1,1,2
Cab Incorportated,2,0,2
Sikkim S.A. de C.V.,0,2,2
Yeezy,1,3,4
Kagera River  Company Solutions,0,3,3
Marmooska Shipyard Sagl United,0,3,3
Leo,0,2,2
W&O Supply,0,6,6
Greek Sea Bream Limited Liability Company Transit,2,0,2
David S.A. de C.V. Brothers,1,0,1
Haryana s Ltd. Corporation Carriers,0,2,2
Coral Reef Sagl Transport,0,2,2
Felbab-Brown,0,3,3
OzonAction√¢¬Ä¬ôs,0,1,1
√¢¬Ä¬úEntirely,2,0,2
Ocano del Este SE,0,4,4
Norwegian Shrimp N.V. -,1,2,3
Malabar Sea Catch Sp,0,2,2
